-4.26518,8.1606,6.52721,1.55733,1.17383,-5.32473,8.4438,5.5039,-0.258263,1
-4.25807,6.66219,6.4585,-2.39209,1.17383,-4.26518,8.1606,6.52721,1.55733,1.17383
-3.5739,5.32982,6.54044,-1.29587,1.17383,-4.25807,6.66219,6.4585,-2.39209,1.17383
-2.56829,4.32649,6.05872,-2.1127,1.17383,-3.5739,5.32982,6.54044,-1.29587,1.17383
-2.31973,2.94578,5.52782,1.69447,1.17383,-2.56829,4.32649,6.05872,-2.1127,1.17383
-1.67221,2.91114,6.88042,1.42999,1.17383,-2.31973,2.94578,5.52782,1.69447,1.17383
-2.72682,1.51338,5.34747,-2.92272,1.17383,-2.31973,2.94578,5.52782,1.69447,1.17383
-3.03465,8.55958,5.76785,1.06909,1.17383,-4.26518,8.1606,6.52721,1.55733,1.17383
-3.95175,0.68668,5.60459,0.891796,1.17383,-2.72682,1.51338,5.34747,-2.92272,1.17383
-4.32981,-0.761241,5.70751,2.5981,1.17383,-3.95175,0.68668,5.60459,0.891796,1.17383
-5.1959,7.9621,4.08921,-0.0163503,1,-5.32473,8.4438,5.5039,-0.258263,1
-2.16828,8.92486,4.59911,2.90505,1.17657,-3.03465,8.55958,5.76785,1.06909,1.17383
-6.06808,8.20195,6.78411,-1.61607,1,-5.32473,8.4438,5.5039,-0.258263,1
-0.804743,8.56208,4.09003,-0.429912,1.17657,-2.16828,8.92486,4.59911,2.90505,1.17657
-0.196249,3.02925,7.12037,-2.30932,1.17383,-1.67221,2.91114,6.88042,1.42999,1.17383
