-14.9596,-0.212372,2.575,-2.80769,1,-16.4551,-0.0978457,2.5972,-1.41008,1
-13.774,0.674548,2.81503,-1.4747,1,-14.9596,-0.212372,2.575,-2.80769,1
-12.3573,0.186627,2.74434,0.349117,1,-13.774,0.674548,2.81503,-1.4747,1
-10.971,0.68983,3.01814,-0.166409,1,-12.3573,0.186627,2.74434,0.349117,1
-9.50436,0.376921,3.05074,-1.74289,1,-10.971,0.68983,3.01814,-0.166409,1
-16.5347,1.34409,2.19164,-2.38361,1,-16.4551,-0.0978457,2.5972,-1.41008,1
-12.1846,-1.29921,2.63281,-2.09844,1,-12.3573,0.186627,2.74434,0.349117,1
-8.90433,-0.82567,3.71688,-1.47278,1,-9.50436,0.376921,3.05074,-1.74289,1
-16.6033,-1.55048,2.25386,2.50354,1,-16.4551,-0.0978457,2.5972,-1.41008,1
-11.9197,-0.772446,1.25355,0.63907,1,-12.1846,-1.29921,2.63281,-2.09844,1
-12.8043,-2.34122,3.51607,-1.02331,1,-12.1846,-1.29921,2.63281,-2.09844,1
-8.75504,1.62646,3.40734,-1.32145,1,-9.50436,0.376921,3.05074,-1.74289,1
-16.4154,-2.36781,3.49751,-0.186884,1,-16.6033,-1.55048,2.25386,2.50354,1
-12.4345,-3.75971,3.83408,0.58688,1,-12.8043,-2.34122,3.51607,-1.02331,1
-8.53686,1.77776,1.93103,-2.79697,1,-8.75504,1.62646,3.40734,-1.32145,1
-17.5629,1.75656,1.18028,-0.421808,1,-16.5347,1.34409,2.19164,-2.38361,1
-13.0876,-4.46392,2.68187,1.92055,1,-12.4345,-3.75971,3.83408,0.58688,1
-11.3738,1.64767,4.09994,1.9327,1,-10.971,0.68983,3.01814,-0.166409,1
-11.3111,-4.67285,4.2268,-2.72151,1,-12.4345,-3.75971,3.83408,0.58688,1
-10.619,-1.50253,1.41223,-1.41382,1,-11.9197,-0.772446,1.25355,0.63907,1
-13.6132,-5.82287,3.03816,0.41384,1,-13.0876,-4.46392,2.68187,1.92055,1
-12.27,-0.700868,0.995679,0.0815521,1,-11.9197,-0.772446,1.25355,0.63907,1
-9.17562,1.83151,4.14456,1.96181,1,-8.75504,1.62646,3.40734,-1.32145,1
-9.89068,-5.14457,4.128,-0.423279,1,-11.3111,-4.67285,4.2268,-2.72151,1
-8.9415,-6.30192,4.22591,0.417329,1,-9.89068,-5.14457,4.128,-0.423279,1
-11.2584,0.375377,0.549824,-1.16239,1,-11.9197,-0.772446,1.25355,0.63907,1
-9.40411,-7.55278,3.53938,2.6662,1,-8.9415,-6.30192,4.22591,0.417329,1
-11.7507,1.79154,0.503355,-2.84672,1,-11.2584,0.375377,0.549824,-1.16239,1
-14.9548,-1.42658,2.61611,0.203441,1,-14.9596,-0.212372,2.575,-2.80769,1
-8.8919,-0.860506,3.55173,0.909238,1,-8.90433,-0.82567,3.71688,-1.47278,1
-10.8651,-6.25142,4.40269,-0.564338,1,-9.89068,-5.14457,4.128,-0.423279,1
-12.8519,-6.35737,3.63665,1.15771,1,-13.6132,-5.82287,3.03816,0.41384,1
-11.1089,-5.91605,3.36228,-0.362189,1,-10.8651,-6.25142,4.40269,-0.564338,1
-10.4647,0.859038,0.87347,-1.34716,1,-11.2584,0.375377,0.549824,-1.16239,1
-11.6852,-1.04406,4.02402,0.0481126,1,-12.1846,-1.29921,2.63281,-2.09844,1
-17.0666,-3.56269,4.1285,2.13297,1,-16.4154,-2.36781,3.49751,-0.186884,1
-15.044,-6.18363,3.30798,2.51997,1,-13.6132,-5.82287,3.03816,0.41384,1
-12.6804,-7.26658,2.45601,1.2247,1,-12.8519,-6.35737,3.63665,1.15771,1
-12.4221,-2.12425,0.547535,2.69047,1,-12.27,-0.700868,0.995679,0.0815521,1
-15.4774,-7.5893,3.60169,-0.307657,1,-15.044,-6.18363,3.30798,2.51997,1
-14.6232,-0.569707,1.15756,0.920215,1,-14.9596,-0.212372,2.575,-2.80769,1
-11.7946,-7.25621,5.01614,-0.569235,1,-10.8651,-6.25142,4.40269,-0.564338,1
-11.8054,-3.93753,2.1083,0.491531,1,-13.0876,-4.46392,2.68187,1.92055,1
-13.0651,-8.32258,3.44941,-1.5367,1,-12.6804,-7.26658,2.45601,1.2247,1
-12.4254,-9.6662,3.63798,-2.3056,1,-13.0651,-8.32258,3.44941,-1.5367,1
-12.2412,-0.0729359,4.80554,2.48471,1,-11.6852,-1.04406,4.02402,0.0481126,1
-15.6401,-1.22655,0.733874,-0.268304,1,-14.6232,-0.569707,1.15756,0.920215,1
-12.9556,0.474102,2.79914,-2.05367,1,-12.3573,0.186627,2.74434,0.349117,1
-10.4737,0.395659,4.40238,-0.23816,1,-10.971,0.68983,3.01814,-0.166409,1
-17.6032,-4.18232,3.61596,1.4246,1,-17.0666,-3.56269,4.1285,2.13297,1
-10.528,0.358313,2.21838,-0.439177,1,-10.971,0.68983,3.01814,-0.166409,1
-13.5504,-1.98792,4.16771,-0.825964,1,-12.8043,-2.34122,3.51607,-1.02331,1
-11.5446,-5.04773,5.07543,-0.813387,1,-11.3111,-4.67285,4.2268,-2.72151,1
-17.0549,0.0425858,3.96485,0.715355,1,-16.4551,-0.0978457,2.5972,-1.41008,1
-9.91022,-0.477502,3.42003,0.104511,1,-9.50436,0.376921,3.05074,-1.74289,1
-12.3394,-8.41135,1.54869,-0.821817,1,-12.6804,-7.26658,2.45601,1.2247,1
-8.70382,-8.52057,2.6322,-1.74565,1,-9.40411,-7.55278,3.53938,2.6662,1
-15.0166,-4.6913,3.45696,1.21725,1,-15.044,-6.18363,3.30798,2.51997,1
-9.04075,-7.97347,2.57582,1.56867,1,-8.70382,-8.52057,2.6322,-1.74565,1
-11.1091,-0.161836,3.33038,0.683512,1,-10.971,0.68983,3.01814,-0.166409,1
-14.2353,-2.89269,5.14866,2.30132,1,-13.5504,-1.98792,4.16771,-0.825964,1
-12.9996,-1.5641,1.63194,2.20426,1,-12.27,-0.700868,0.995679,0.0815521,1
-13.5394,-2.23854,3.29783,1.92257,1,-12.8043,-2.34122,3.51607,-1.02331,1
-17.0382,-3.62183,4.51402,-0.504012,1,-17.0666,-3.56269,4.1285,2.13297,1
-9.27001,-8.20824,2.37183,1.43366,1,-9.04075,-7.97347,2.57582,1.56867,1
-17.3203,-1.09668,4.90379,3.11121,1,-17.0549,0.0425858,3.96485,0.715355,1
-15.6688,-9.0752,3.67552,2.92739,1,-15.4774,-7.5893,3.60169,-0.307657,1
-17.0896,1.34988,4.69954,-0.401883,1,-17.0549,0.0425858,3.96485,0.715355,1
-16.5329,-9.1663,4.89827,-1.73173,1,-15.6688,-9.0752,3.67552,2.92739,1
-15.0475,-6.02484,4.79955,-1.44714,1,-15.044,-6.18363,3.30798,2.51997,1
-15.5849,-1.38219,2.00371,0.754533,1,-14.9548,-1.42658,2.61611,0.203441,1
-13.433,-0.469667,3.5385,-0.271341,1,-12.9556,0.474102,2.79914,-2.05367,1
-16.9423,-5.28504,4.15264,-1.2325,1,-17.6032,-4.18232,3.61596,1.4246,1
-14.4142,-4.81234,3.94408,-1.08449,1,-15.0166,-4.6913,3.45696,1.21725,1
-9.40982,-7.26679,1.21247,-0.107328,1,-9.27001,-8.20824,2.37183,1.43366,1
-13.6354,-9.06861,1.1769,2.23315,1.00001,-12.3394,-8.41135,1.54869,-0.821817,1
