-9.66357,-1.13634,3.68802,3.02149,1,-10.0009,0.217087,4.2398,-2.95491,1
-10.9903,-1.03242,2.99595,1.87642,1,-9.66357,-1.13634,3.68802,3.02149,1
-12.1281,-0.0601862,3.09715,0.755165,1,-10.9903,-1.03242,2.99595,1.87642,1
-12.8347,0.665548,4.20352,-1.15474,1,-12.1281,-0.0601862,3.09715,0.755165,1
-14.3194,0.64862,4.41631,-2.62367,1,-12.8347,0.665548,4.20352,-1.15474,1
-14.481,1.46987,3.17154,-1.63649,1,-14.3194,0.64862,4.41631,-2.62367,1
-15.6578,0.583012,2.89123,0.151641,1,-14.481,1.46987,3.17154,-1.63649,1
-17.0329,0.384871,3.45686,-0.841513,1,-15.6578,0.583012,2.89123,0.151641,1
-11.1839,-2.51708,3.08709,1.86468,1,-10.9903,-1.03242,2.99595,1.87642,1
-8.77035,0.971321,3.83116,2.71433,1,-10.0009,0.217087,4.2398,-2.95491,1
-17.5552,-0.720848,2.5882,-2.75526,1,-17.0329,0.384871,3.45686,-0.841513,1
-16.2642,0.556264,4.47235,-0.351677,1,-17.0329,0.384871,3.45686,-0.841513,1
-15.9715,-0.473314,3.52466,-1.67214,1.00001,-15.6578,0.583012,2.89123,0.151641,1
-11.7025,-1.12084,1.67879,-1.28544,1,-10.9903,-1.03242,2.99595,1.87642,1
-17.5576,-2.21972,2.64634,0.701137,1,-17.5552,-0.720848,2.5882,-2.75526,1
