-6.20441,3.37631,4.34881,1.18496,4.81153,-4.79797,3.89286,4.27738,0.507435,1
-7.20548,4.36048,4.87726,-1.17829,5.19643,-6.20441,3.37631,4.34881,1.18496,4.81153
-3.424,3.30559,4.40898,-3.04253,1.67171,-4.79797,3.89286,4.27738,0.507435,1
-3.28242,3.24571,2.91687,2.8939,1.68866,-3.424,3.30559,4.40898,-3.04253,1.67171
-3.72879,4.34458,1.9986,2.8808,1.79332,-3.28242,3.24571,2.91687,2.8939,1.68866
-4.77749,5.38632,4.41578,-1.17383,1.05149,-4.79797,3.89286,4.27738,0.507435,1
-4.28776,3.21371,1.187,-2.73539,1.81409,-3.72879,4.34458,1.9986,2.8808,1.79332
-4.8807,5.22338,1.61025,0.475324,1.86054,-3.72879,4.34458,1.9986,2.8808,1.79332
-4.21415,6.55353,1.8011,-2.96194,1.94588,-4.8807,5.22338,1.61025,0.475324,1.86054
-6.05662,5.90765,0.978596,-1.3039,1.88627,-4.8807,5.22338,1.61025,0.475324,1.86054
-6.89717,7.14874,1.03497,-0.326539,1.91566,-6.05662,5.90765,0.978596,-1.3039,1.88627
-4.57278,1.74163,1.22901,-1.71214,1.81409,-4.28776,3.21371,1.187,-2.73539,1.81409
-4.62971,0.357361,1.80394,2.18227,1.81409,-4.57278,1.74163,1.22901,-1.71214,1.81409
-5.86624,-0.491272,1.77556,1.94458,1.81409,-4.62971,0.357361,1.80394,2.18227,1.81409
-7.23439,-1.08003,1.59798,1.30539,1.81409,-5.86624,-0.491272,1.77556,1.94458,1.81409
