-4.4364,-2.87592,2.89441,0.19447,1,-3.81009,-1.51305,2.91167,2.32974,1
-4.50847,-4.11275,2.0488,-0.837052,1.02231,-4.4364,-2.87592,2.89441,0.19447,1
-4.07198,-5.32413,2.81825,-0.954865,1.02231,-4.50847,-4.11275,2.0488,-0.837052,1.02231
-5.32094,-6.08848,3.14359,-2.86589,1.02231,-4.07198,-5.32413,2.81825,-0.954865,1.02231
-6.01881,-6.8927,2.75905,-1.06897,1.02231,-5.32094,-6.08848,3.14359,-2.86589,1.02231
-5.93064,-8.14481,3.5803,1.86139,1.02231,-6.01881,-6.8927,2.75905,-1.06897,1.02231
-5.41673,-7.66595,4.90566,-2.13846,1.02233,-5.93064,-8.14481,3.5803,1.86139,1.02231
-4.57194,-8.77961,3.54915,-0.0183075,1.02231,-5.93064,-8.14481,3.5803,1.86139,1.02231
-4.3982,-0.14546,3.09561,0.0860579,1,-3.81009,-1.51305,2.91167,2.32974,1
-5.77369,-2.53735,2.30532,-0.537715,1.00022,-4.4364,-2.87592,2.89441,0.19447,1
-5.714,0.522948,2.82749,0.18099,1,-4.3982,-0.14546,3.09561,0.0860579,1
-7.5145,-6.92358,2.6496,0.278935,1.02231,-6.01881,-6.8927,2.75905,-1.06897,1.02231
-6.60308,-2.57767,1.05613,-2.58067,1.00022,-5.77369,-2.53735,2.30532,-0.537715,1.00022
-7.07621,1.02758,3.20129,1.19345,1,-5.714,0.522948,2.82749,0.18099,1
-3.82919,-2.49321,1.57728,-0.0640408,1,-4.4364,-2.87592,2.89441,0.19447,1
