0.847666,-2.92939,1.02453,0.495597,2.13226,-0.29991,-1.96345,1.02047,1.27046,2
1.16679,-2.99502,0.895186,1.74178,2.2163,0.847666,-2.92939,1.02453,0.495597,2.13226
1.81277,-2.65814,0.887327,1.91398,2.47352,1.16679,-2.99502,0.895186,1.74178,2.2163
1.9697,-2.20508,1.52009,1.74093,3.10049,1.81277,-2.65814,0.887327,1.91398,2.47352
1.57869,-2.65697,1.5463,-0.685521,4.50123,1.9697,-2.20508,1.52009,1.74093,3.10049
-0.818094,-0.557725,1.09415,2.32736,2,-0.29991,-1.96345,1.02047,1.27046,2
-0.424781,0.889764,1.0852,0.872739,5.26573,-0.818094,-0.557725,1.09415,2.32736,2
3.08263,-1.20276,1.60223,2.48657,3.28749,1.9697,-2.20508,1.52009,1.74093,3.10049
1.85813,-3.03851,1.62808,-0.167293,5.29022,1.57869,-2.65697,1.5463,-0.685521,4.50123
0.4634,2.09846,1.07142,-1.05145,5.42257,-0.424781,0.889764,1.0852,0.872739,5.26573
0.725724,-4.41561,1.18666,-0.512434,6.2981,0.847666,-2.92939,1.02453,0.495597,2.13226
-1.70338,-2.49276,1.03117,0.944317,2.03637,-0.29991,-1.96345,1.02047,1.27046,2
1.95287,-5.27211,1.28925,-2.30686,8.97714,0.725724,-4.41561,1.18666,-0.512434,6.2981
1.84372,1.57264,1.33265,-1.00925,5.62933,0.4634,2.09846,1.07142,-1.05145,5.42257
-1.50224,-1.46939,1.07188,-1.59573,2.03637,-1.70338,-2.49276,1.03117,0.944317,2.03637
0.607321,-3.57117,1.64046,-1.95066,7.14587,0.847666,-2.92939,1.02453,0.495597,2.13226
2.79455,-3.44769,0.835504,-1.24704,5.75873,1.81277,-2.65814,0.887327,1.91398,2.47352
-3.14117,-2.92024,1.0337,-1.34372,2.03637,-1.70338,-2.49276,1.03117,0.944317,2.03637
0.484302,1.97835,0.932132,0.415146,7.68578,0.4634,2.09846,1.07142,-1.05145,5.42257
-1.96307,-2.02268,1.27302,0.112429,2.06347,-1.70338,-2.49276,1.03117,0.944317,2.03637
0.883869,-2.36686,0.778321,2.07221,2.13539,0.847666,-2.92939,1.02453,0.495597,2.13226
3.18697,-2.29611,1.57263,-2.44918,3.52265,3.08263,-1.20276,1.60223,2.48657,3.28749
-1.14288,-2.87791,1.02694,-0.612372,2.03637,-1.70338,-2.49276,1.03117,0.944317,2.03637
2.17545,-0.745076,0.79077,2.63128,3.34903,3.08263,-1.20276,1.60223,2.48657,3.28749
1.90312,-4.79027,0.815575,-0.745434,10.8647,1.95287,-5.27211,1.28925,-2.30686,8.97714
2.34337,-3.94505,0.802378,2.58504,5.9787,2.79455,-3.44769,0.835504,-1.24704,5.75873
0.388182,0.610355,1.23232,1.83923,6.55075,-0.424781,0.889764,1.0852,0.872739,5.26573
-2.04205,-1.3689,0.984302,1.13981,2.03807,-1.50224,-1.46939,1.07188,-1.59573,2.03637
2.10431,-3.3023,1.37453,2.73852,5.29689,1.85813,-3.03851,1.62808,-0.167293,5.29022
-1.12834,-1.68744,1.41326,1.60847,2.05105,-1.50224,-1.46939,1.07188,-1.59573,2.03637
