7.48801,1.76015,1.6281,2.09579,27.1337,7.74328,0.289999,1.47478,-1.76811,2
6.27862,-0.023891,1.55375,0.318818,2,7.74328,0.289999,1.47478,-1.76811,2
4.85619,0.380111,1.80572,-0.614554,2.16779,6.27862,-0.023891,1.55375,0.318818,2
3.52616,-0.275469,1.57941,-2.33643,2.16779,4.85619,0.380111,1.80572,-0.614554,2.16779
5.71484,0.213602,1.60423,1.33805,4.55778,6.27862,-0.023891,1.55375,0.318818,2
3.96458,-1.69612,1.38061,-1.77726,2.16779,3.52616,-0.275469,1.57941,-2.33643,2.16779
3.25348,-3.0144,1.30011,2.7211,2.16779,3.96458,-1.69612,1.38061,-1.77726,2.16779
3.04949,-4.47781,1.04161,-0.236159,2.16806,3.25348,-3.0144,1.30011,2.7211,2.16779
1.58182,-4.78735,1.0303,-1.00494,2.16806,3.04949,-4.47781,1.04161,-0.236159,2.16806
4.22832,-5.36374,1.31632,1.85015,2.17318,3.04949,-4.47781,1.04161,-0.236159,2.16806
8.75559,0.299978,1.94354,-1.66458,2,7.74328,0.289999,1.47478,-1.76811,2
7.59098,3.14267,2.20083,-1.26305,29.0526,7.48801,1.76015,1.6281,2.09579,27.1337
0.616045,-5.84462,1.47691,-0.094227,2.16806,1.58182,-4.78735,1.0303,-1.00494,2.16806
0.772221,-3.81992,1.84187,0.822612,2.1707,1.58182,-4.78735,1.0303,-1.00494,2.16806
10.1241,0.617866,1.41811,-1.25283,6.75924,8.75559,0.299978,1.94354,-1.66458,2
8.71092,0.387718,2.02932,0.131599,5.52657,8.75559,0.299978,1.94354,-1.66458,2
8.83965,0.220625,1.06577,-1.40013,2,8.75559,0.299978,1.94354,-1.66458,2
4.39302,-0.997696,0.720911,-0.765392,2.24924,3.96458,-1.69612,1.38061,-1.77726,2.16779
11.6232,0.659602,1.38481,0.731678,7.88738,10.1241,0.617866,1.41811,-1.25283,6.75924
3.06599,1.13496,1.80064,0.758922,3.22925,3.52616,-0.275469,1.57941,-2.33643,2.16779
3.74532,-5.18181,1.67179,-1.12039,2.17318,4.22832,-5.36374,1.31632,1.85015,2.17318
1.39276,-5.79907,0.975163,0.505043,2.16816,0.616045,-5.84462,1.47691,-0.094227,2.16806
7.21072,0.356763,2.00387,0.740734,2.07684,7.74328,0.289999,1.47478,-1.76811,2
9.74333,0.616187,1.76053,-0.361305,9.34482,10.1241,0.617866,1.41811,-1.25283,6.75924
3.86463,1.70822,0.667706,2.01073,4.40608,3.06599,1.13496,1.80064,0.758922,3.22925
2.34832,-5.82043,0.488511,-1.75144,2.16816,1.39276,-5.79907,0.975163,0.505043,2.16816
3.74987,-4.04364,0.560671,1.23112,2.18472,3.04949,-4.47781,1.04161,-0.236159,2.16806
4.59204,-3.36178,1.88111,-1.60774,2.16779,3.25348,-3.0144,1.30011,2.7211,2.16779
1.42874,-4.05223,1.72542,0.70202,2.17769,0.772221,-3.81992,1.84187,0.822612,2.1707
3.58493,-2.29478,1.85998,2.53237,2.16779,3.96458,-1.69612,1.38061,-1.77726,2.16779
