8.67975,1.90784,1.029,3.04928,2,8.9357,0.466773,1.35735,2.85915,2
9.36903,3.06149,1.69532,1.81172,2.78899,8.67975,1.90784,1.029,3.04928,2
9.32208,4.55838,1.61091,-1.83291,3.10266,9.36903,3.06149,1.69532,1.81172,2.78899
9.05541,4.58591,1.63952,-1.0954,3.3635,9.32208,4.55838,1.61091,-1.83291,3.10266
7.56586,-0.136053,1.45792,2.57949,2,8.9357,0.466773,1.35735,2.85915,2
6.22476,0.470591,1.7468,2.25524,2,7.56586,-0.136053,1.45792,2.57949,2
4.75216,0.185428,1.75831,-1.94085,2,6.22476,0.470591,1.7468,2.25524,2
3.40289,0.84075,1.76136,-0.126821,2,4.75216,0.185428,1.75831,-1.94085,2
6.92592,-1.47435,1.68025,2.11746,2.00536,7.56586,-0.136053,1.45792,2.57949,2
10.8657,2.97796,1.64097,-2.83131,3.02508,9.36903,3.06149,1.69532,1.81172,2.78899
6.82566,-2.97096,1.66896,-0.523628,2.00536,6.92592,-1.47435,1.68025,2.11746,2.00536
6.59916,-4.43565,1.43796,0.876396,2.01332,6.82566,-2.97096,1.66896,-0.523628,2.00536
7.47951,0.58802,1.97129,2.68462,2,7.56586,-0.136053,1.45792,2.57949,2
3.76692,2.29441,1.69532,-1.46598,2,3.40289,0.84075,1.76136,-0.126821,2
2.33579,2.7393,1.63263,0.270872,2,3.76692,2.29441,1.69532,-1.46598,2
1.25557,3.7777,1.56287,0.371427,2,2.33579,2.7393,1.63263,0.270872,2
0.0662785,2.86387,1.58538,1.48842,2,1.25557,3.7777,1.56287,0.371427,2
-1.33519,2.56578,2.02925,2.94178,2,0.0662785,2.86387,1.58538,1.48842,2
6.39624,-5.83286,0.931359,0.869752,2.01784,6.59916,-4.43565,1.43796,0.876396,2.01332
-1.87798,3.95339,2.20223,-3.07059,2,-1.33519,2.56578,2.02925,2.94178,2
1.91541,5.11364,1.39007,0.611349,2,1.25557,3.7777,1.56287,0.371427,2
6.46287,-2.107,0.618978,-0.89138,2.00536,6.92592,-1.47435,1.68025,2.11746,2.00536
1.20852,2.08664,1.58145,-1.28084,2.00042,2.33579,2.7393,1.63263,0.270872,2
-2.00175,5.40032,1.82663,-2.78025,2,-1.87798,3.95339,2.20223,-3.07059,2
12.2978,3.42276,1.60626,-2.63877,3.12705,10.8657,2.97796,1.64097,-2.83131,3.02508
3.19423,5.35767,0.645022,0.839083,2,1.91541,5.11364,1.39007,0.611349,2
4.01876,-1.04981,2.18995,0.0333782,2,4.75216,0.185428,1.75831,-1.94085,2
3.49668,-2.2846,1.51709,-1.7376,2,4.01876,-1.04981,2.18995,0.0333782,2
-1.81093,2.3651,0.655009,0.0591691,2.00004,-1.33519,2.56578,2.02925,2.94178,2
3.98271,3.73378,2.05815,2.89285,2.00196,3.76692,2.29441,1.69532,-1.46598,2
