0.900014,3.31179,1.48888,-1.45084,2,0.543574,4.75518,1.68781,-1.70087,2
1.44416,1.93114,1.70731,-2.39415,2,0.900014,3.31179,1.48888,-1.45084,2
1.94455,2.73868,0.643925,-2.87033,2,1.44416,1.93114,1.70731,-2.39415,2
1.63398,0.45154,1.54998,-1.5131,2,1.44416,1.93114,1.70731,-2.39415,2
0.628426,-0.655668,1.66379,2.16213,2,1.63398,0.45154,1.54998,-1.5131,2
-0.819064,-0.963464,1.41878,-1.14919,2,0.628426,-0.655668,1.66379,2.16213,2
-0.786498,5.20357,2.21682,-0.823789,2,0.543574,4.75518,1.68781,-1.70087,2
3.38872,3.13217,0.546201,2.95775,2.00124,1.94455,2.73868,0.643925,-2.87033,2
-1.838,4.3058,2.22899,1.59666,2,-0.786498,5.20357,2.21682,-0.823789,2
0.876937,-2.13277,1.58368,-0.0955328,2,0.628426,-0.655668,1.66379,2.16213,2
4.38561,3.11207,1.66682,-1.2532,2.00124,3.38872,3.13217,0.546201,2.95775,2.00124
1.75765,5.61702,1.87012,2.59667,2,0.543574,4.75518,1.68781,-1.70087,2
1.41322,4.41888,0.813871,-0.401217,2,0.543574,4.75518,1.68781,-1.70087,2
0.688083,2.8211,2.2891,-2.04486,2,0.900014,3.31179,1.48888,-1.45084,2
-1.13097,0.502645,1.36183,0.896322,2,-0.819064,-0.963464,1.41878,-1.14919,2
-1.21372,-1.51923,2.20543,1.63192,2,-0.819064,-0.963464,1.41878,-1.14919,2
-1.84148,4.42202,0.823785,-2.4856,2,-1.838,4.3058,2.22899,1.59666,2
1.59122,2.88801,1.75238,-2.6123,2,0.900014,3.31179,1.48888,-1.45084,2
0.744394,5.34832,2.15333,2.18649,2,0.543574,4.75518,1.68781,-1.70087,2
3.45647,3.48844,0.847294,2.57292,2.00255,3.38872,3.13217,0.546201,2.95775,2.00124
3.20416,5.24945,2.0201,2.4368,2.00179,1.75765,5.61702,1.87012,2.59667,2
-1.92597,4.68664,1.45697,-2.57934,2,-1.84148,4.42202,0.823785,-2.4856,2
1.11148,2.99269,1.76757,-1.19592,2,0.900014,3.31179,1.48888,-1.45084,2
1.32858,3.83515,0.711794,-1.29901,2,1.41322,4.41888,0.813871,-0.401217,2
-0.300684,3.34099,1.56031,-2.37375,2,0.900014,3.31179,1.48888,-1.45084,2
1.40038,2.93267,1.38249,1.74723,2,1.59122,2.88801,1.75238,-2.6123,2
0.0867656,5.41033,2.12524,0.919179,2,0.744394,5.34832,2.15333,2.18649,2
4.0972,3.45915,2.08258,2.38691,2.0021,4.38561,3.11207,1.66682,-1.2532,2.00124
-2.05555,5.41778,0.520524,-2.13568,2.00055,-1.84148,4.42202,0.823785,-2.4856,2
-1.6935,4.68651,1.92298,-0.000166625,2,-1.838,4.3058,2.22899,1.59666,2
