7.34758,-0.0842416,4.92439,-0.690593,2,6.08764,-0.89325,4.83455,-0.102208,2
7.1475,1.40226,4.94119,0.0477426,2.26062,7.34758,-0.0842416,4.92439,-0.690593,2
8.47381,1.55581,4.2576,1.64194,2.98239,7.1475,1.40226,4.94119,0.0477426,2.26062
9.9417,1.2485,4.28728,-2.29228,2.98876,8.47381,1.55581,4.2576,1.64194,2.98239
5.84521,1.9009,4.38857,-0.530689,2.26062,7.1475,1.40226,4.94119,0.0477426,2.26062
4.37209,1.63375,4.48116,-0.794977,2.26062,5.84521,1.9009,4.38857,-0.530689,2.26062
2.90763,1.31925,4.56144,3.0969,2.40492,4.37209,1.63375,4.48116,-0.794977,2.26062
5.93019,3.39636,4.4685,2.48723,2.27814,5.84521,1.9009,4.38857,-0.530689,2.26062
6.30082,4.77702,4.0142,-0.508348,2.27814,5.93019,3.39636,4.4685,2.48723,2.27814
1.40881,1.27844,4.60481,-2.87714,2.51343,2.90763,1.31925,4.56144,3.0969,2.40492
7.62502,0.216093,4.99914,1.78516,2.01535,7.34758,-0.0842416,4.92439,-0.690593,2
6.19975,4.12164,4.84989,1.499,2.27814,5.93019,3.39636,4.4685,2.48723,2.27814
3.45918,1.26365,5.0207,-2.8867,2.46294,2.90763,1.31925,4.56144,3.0969,2.40492
4.66437,1.8425,5.68525,-3.12815,2.26083,4.37209,1.63375,4.48116,-0.794977,2.26062
7.23113,4.93382,2.84803,0.147601,2.27814,6.30082,4.77702,4.0142,-0.508348,2.27814
8.03238,-1.30964,5.45301,-1.80547,2,7.34758,-0.0842416,4.92439,-0.690593,2
7.32888,3.53867,2.30581,0.335193,2.27814,7.23113,4.93382,2.84803,0.147601,2.27814
6.21203,3.8765,5.40393,2.00934,2.27814,6.19975,4.12164,4.84989,1.499,2.27814
6.14666,4.42214,4.58477,0.109028,2.27814,6.19975,4.12164,4.84989,1.499,2.27814
7.28463,-1.77379,5.54976,1.8706,2.02637,8.03238,-1.30964,5.45301,-1.80547,2
5.96239,4.70851,3.90022,-2.63855,2.27814,6.30082,4.77702,4.0142,-0.508348,2.27814
6.27137,0.148679,5.34146,-0.626804,2,6.08764,-0.89325,4.83455,-0.102208,2
4.44411,2.25021,4.75289,2.67798,2.26544,4.37209,1.63375,4.48116,-0.794977,2.26062
3.5526,1.38075,5.0387,-0.10556,2.46416,3.45918,1.26365,5.0207,-2.8867,2.46294
7.45051,4.6761,5.68103,1.24569,2.27814,6.21203,3.8765,5.40393,2.00934,2.27814
7.1259,3.5336,4.89605,-0.796252,2.27814,6.19975,4.12164,4.84989,1.499,2.27814
10.4662,1.27653,4.60089,0.421134,4.20873,9.9417,1.2485,4.28728,-2.29228,2.98876
7.23735,2.89556,4.24511,-3.05182,2.27814,7.1259,3.5336,4.89605,-0.796252,2.27814
7.1916,2.26998,1.5174,-1.3307,2.27882,7.32888,3.53867,2.30581,0.335193,2.27814
2.9348,2.17111,5.65172,-2.70754,2.51786,3.5526,1.38075,5.0387,-0.10556,2.46416
