-2.12107,1.93087,1.27041,1.36189,2,-1.97935,2.10224,1.68838,1.83673,2
-0.576565,2.21277,2.20797,1.32803,2,-1.97935,2.10224,1.68838,1.83673,2
0.913451,2.04718,2.15862,2.70131,2,-0.576565,2.21277,2.20797,1.32803,2
1.83357,3.17836,1.80676,-1.51257,2,0.913451,2.04718,2.15862,2.70131,2
3.32757,3.09753,1.69983,1.87122,2,1.83357,3.17836,1.80676,-1.51257,2
1.60821,4.57826,1.31738,-2.49917,2,1.83357,3.17836,1.80676,-1.51257,2
0.777147,5.7607,1.71887,-1.82254,2.00132,1.60821,4.57826,1.31738,-2.49917,2
3.914,1.733,1.4897,-1.25395,2,3.32757,3.09753,1.69983,1.87122,2
4.38112,0.361953,1.87961,0.529912,2,3.914,1.733,1.4897,-1.25395,2
1.80976,2.77552,0.977835,-2.88285,2.00213,1.83357,3.17836,1.80676,-1.51257,2
4.0084,-1.08025,1.70321,2.84094,2,4.38112,0.361953,1.87961,0.529912,2
3.96715,-2.5336,2.0721,1.56664,2.00002,4.0084,-1.08025,1.70321,2.84094,2
2.83543,-3.45947,1.73747,-1.85513,2.00002,3.96715,-2.5336,2.0721,1.56664,2.00002
5.84684,0.672333,1.95262,2.73777,2,4.38112,0.361953,1.87961,0.529912,2
7.23582,0.122182,1.81811,1.49415,2,5.84684,0.672333,1.95262,2.73777,2
1.57376,-4.20241,2.0634,2.9342,2.00002,2.83543,-3.45947,1.73747,-1.85513,2.00002
3.80051,-4.59321,1.91981,-1.89613,2.00002,2.83543,-3.45947,1.73747,-1.85513,2.00002
1.33824,-5.53807,1.42267,-1.54607,2.00002,1.57376,-4.20241,2.0634,2.9342,2.00002
8.66437,0.551477,1.97603,0.687172,2,7.23582,0.122182,1.81811,1.49415,2
-0.705065,5.549,1.62814,-0.482686,2.00132,0.777147,5.7607,1.71887,-1.82254,2.00132
-2.10535,5.96595,1.28851,2.46514,2.00132,-0.705065,5.549,1.62814,-0.482686,2.00132
1.01792,2.05936,1.58916,1.00722,2,0.913451,2.04718,2.15862,2.70131,2
10.0645,0.58,1.43865,1.17333,2,8.66437,0.551477,1.97603,0.687172,2
10.1626,-0.916039,1.48598,-1.07563,2,10.0645,0.58,1.43865,1.17333,2
-0.237263,4.22039,2.14386,-2.82845,2.00132,-0.705065,5.549,1.62814,-0.482686,2.00132
4.34053,-5.99156,1.97468,-0.803432,2.00002,3.80051,-4.59321,1.91981,-1.89613,2.00002
11.4085,0.456535,0.784051,-2.75475,2,10.0645,0.58,1.43865,1.17333,2
-2.17208,5.14971,1.86334,2.51714,2.00132,-2.10535,5.96595,1.28851,2.46514,2.00132
8.56555,1.71352,1.03269,-0.487776,2,8.66437,0.551477,1.97603,0.687172,2
4.24162,-4.03329,1.96026,-3.10906,2.00002,3.80051,-4.59321,1.91981,-1.89613,2.00002
