0.665836,-1.81541,3.9297,-2.72319,1.02976,0.517517,-0.423138,4.46784,1.07046,1
0.526168,-2.91748,4.93764,-1.81528,1.254,0.665836,-1.81541,3.9297,-2.72319,1.02976
0.417724,-3.42953,6.34335,3.00706,1.2578,0.526168,-2.91748,4.93764,-1.81528,1.254
0.496899,-3.85564,7.77938,-1.419,1.2578,0.417724,-3.42953,6.34335,3.00706,1.2578
0.143419,0.955701,4.01084,-1.0029,1,0.517517,-0.423138,4.46784,1.07046,1
-0.798331,-2.04252,4.16345,-2.557,1.04426,0.665836,-1.81541,3.9297,-2.72319,1.02976
0.156588,-4.34,4.63789,-0.0192301,1.25411,0.526168,-2.91748,4.93764,-1.81528,1.254
0.307019,-4.57892,9.07969,-2.8287,1.2578,0.496899,-3.85564,7.77938,-1.419,1.2578
0.414105,-4.80384,10.5589,1.51114,1.25782,0.307019,-4.57892,9.07969,-2.8287,1.2578
1.17701,-3.53095,10.7774,0.479051,1.25782,0.414105,-4.80384,10.5589,1.51114,1.25782
0.745059,1.70964,5.15958,-2.14395,1,0.143419,0.955701,4.01084,-1.0029,1
-0.0510438,1.75108,6.43021,1.31915,1.00011,0.745059,1.70964,5.15958,-2.14395,1
-0.770852,-5.63775,10.171,1.20648,1.25783,0.414105,-4.80384,10.5589,1.51114,1.25782
-0.451722,2.69651,7.52366,2.28541,1.00011,-0.0510438,1.75108,6.43021,1.31915,1.00011
-0.448212,4.16561,7.82651,-1.05413,1.00011,-0.451722,2.69651,7.52366,2.28541,1.00011
