0.102494,-1.892,7.33448,0.895333,1,0.471163,-3.17214,8.02392,2.69696,1
-0.107944,-2.39362,5.93659,2.2959,1,0.102494,-1.892,7.33448,0.895333,1
-0.450605,-3.56548,5.0652,3.00375,1.00053,-0.107944,-2.39362,5.93659,2.2959,1
0.335649,-0.64917,8.14133,2.37536,1,0.102494,-1.892,7.33448,0.895333,1
0.34731,0.832627,8.37402,-1.58402,1,0.335649,-0.64917,8.14133,2.37536,1
-1.29963,-2.38684,4.6911,3.0565,1.00232,-0.450605,-3.56548,5.0652,3.00375,1.00053
-0.680132,-1.1172,4.18687,-1.6511,1.00232,-1.29963,-2.38684,4.6911,3.0565,1.00232
0.375715,1.64334,9.63574,-1.6112,1,0.34731,0.832627,8.37402,-1.58402,1
0.18658,2.65009,10.7315,0.879929,1,0.375715,1.64334,9.63574,-1.6112,1
-0.289087,4.07249,10.7542,-2.89258,1,0.18658,2.65009,10.7315,0.879929,1
0.899977,1.85039,7.42075,1.44016,1,0.34731,0.832627,8.37402,-1.58402,1
0.895083,3.23045,6.83304,-3.01011,1,0.899977,1.85039,7.42075,1.44016,1
0.209637,-3.43884,9.47667,-0.370635,1,0.471163,-3.17214,8.02392,2.69696,1
-0.298028,-3.11084,10.8495,-1.78602,1,0.209637,-3.43884,9.47667,-0.370635,1
0.335287,3.86962,5.59688,-2.06017,1,0.895083,3.23045,6.83304,-3.01011,1
