1.19823,0.136353,10.9863,-2.34353,1,1.08463,1.10513,9.84671,1.96619,1
0.899178,-0.941116,9.98644,-0.545558,1,1.19823,0.136353,10.9863,-2.34353,1
0.619666,-1.95944,8.92113,1.96767,1,0.899178,-0.941116,9.98644,-0.545558,1
0.403331,-3.20797,9.72386,-2.44723,1,0.619666,-1.95944,8.92113,1.96767,1
-0.0377758,-3.70005,11.0704,2.23318,1.00014,0.403331,-3.20797,9.72386,-2.44723,1
0.230735,2.28259,10.2134,2.87359,1,1.08463,1.10513,9.84671,1.96619,1
0.892024,1.55726,8.4295,-2.01779,1,1.08463,1.10513,9.84671,1.96619,1
0.647576,3.70363,10.4519,0.612058,1,0.230735,2.28259,10.2134,2.87359,1
1.03923,4.98516,11.1259,0.917273,1,0.647576,3.70363,10.4519,0.612058,1
1.40536,-3.91928,11.4158,-2.12021,1.00014,-0.0377758,-3.70005,11.0704,2.23318,1.00014
1.52334,2.27661,7.27452,-1.10759,1,0.892024,1.55726,8.4295,-2.01779,1
1.59404,3.63849,6.64981,-2.00408,1,1.52334,2.27661,7.27452,-1.10759,1
1.40099,0.469554,11.2375,0.7039,1,1.19823,0.136353,10.9863,-2.34353,1
0.164158,6.20184,11.1886,-0.017868,1.00045,1.03923,4.98516,11.1259,0.917273,1
0.291106,-4.05549,8.49133,-3.11807,1,0.403331,-3.20797,9.72386,-2.44723,1
