2.55165,-5.07215,1.34135,-0.434535,1.03914,2.26213,-4.47512,1.4917,0.525072,1
2.89547,-3.116,1.5327,1.47629,1,2.26213,-4.47512,1.4917,0.525072,1
2.4066,-1.69791,1.52794,-0.327838,1,2.89547,-3.116,1.5327,1.47629,1
0.793246,-4.76193,1.39105,-2.01335,1,2.26213,-4.47512,1.4917,0.525072,1
-0.603347,-5.30406,1.31603,-0.595176,1,0.793246,-4.76193,1.39105,-2.01335,1
-2.04183,-5.72137,1.39735,-2.35632,1,-0.603347,-5.30406,1.31603,-0.595176,1
1.3984,-0.58781,1.4931,-0.34558,1,2.4066,-1.69791,1.52794,-0.327838,1
0.837185,0.800457,1.40504,2.67642,1,1.3984,-0.58781,1.4931,-0.34558,1
-0.579492,0.316104,1.49685,-0.00614889,1,0.837185,0.800457,1.40504,2.67642,1
1.09439,-6.20068,1.0922,-0.73342,1.00959,0.793246,-4.76193,1.39105,-2.01335,1
1.74115,1.99485,1.32582,-2.64683,1,0.837185,0.800457,1.40504,2.67642,1
-3.35158,-5.00777,1.23821,0.25991,1,-2.04183,-5.72137,1.39735,-2.35632,1
-4.5871,-5.85384,1.32565,0.425869,1,-3.35158,-5.00777,1.23821,0.25991,1
-5.88439,-6.60483,1.38105,0.445682,1,-4.5871,-5.85384,1.32565,0.425869,1
3.17644,1.82356,0.92509,1.37133,1,1.74115,1.99485,1.32582,-2.64683,1
