2.74421,-4.17745,1.29811,-2.1337,1,2.18606,-5.56876,1.24581,-2.14045,1
3.23812,-2.76134,1.27227,3.004,1,2.74421,-4.17745,1.29811,-2.1337,1
2.77673,-1.37079,1.594,0.781524,1,3.23812,-2.76134,1.27227,3.004,1
2.79784,0.129036,1.58579,-2.98677,1,2.77673,-1.37079,1.594,0.781524,1
1.70683,1.15785,1.55066,1.38597,1,2.79784,0.129036,1.58579,-2.98677,1
1.19199,2.56306,1.449,-2.00895,1,1.70683,1.15785,1.55066,1.38597,1
1.44989,4.03932,1.51321,0.931437,1,1.19199,2.56306,1.449,-2.00895,1
0.644088,5.30373,1.46897,2.85067,1,1.44989,4.03932,1.51321,0.931437,1
-0.838997,5.2002,1.26963,0.455373,1,0.644088,5.30373,1.46897,2.85067,1
-2.26521,4.73981,1.33254,-2.89794,1,-0.838997,5.2002,1.26963,0.455373,1
-3.05379,5.93557,0.887243,0.346417,1,-2.26521,4.73981,1.33254,-2.89794,1
0.829911,-4.9356,1.14599,0.633479,1,2.18606,-5.56876,1.24581,-2.14045,1
-0.0904784,-4.65756,1.2503,2.11852,1,0.829911,-4.9356,1.14599,0.633479,1
1.74242,6.32483,1.43725,2.9754,1,0.644088,5.30373,1.46897,2.85067,1
-1.44349,-5.302,1.31397,-1.10544,1,-0.0904784,-4.65756,1.2503,2.11852,1
