4.89902,14.4003,17.3748,-0.335422,1,5.65225,11.4998,17.5142,1.28929,1
1.91123,14.6434,17.493,-2.89805,1,4.89902,14.4003,17.3748,-0.335422,1
0.103694,14.015,15.1826,3.08568,1.00515,1.91123,14.6434,17.493,-2.89805,1
-1.82304,12.9932,13.1226,-0.55995,1.00515,0.103694,14.015,15.1826,3.08568,1.00515
-2.98838,12.2134,10.4704,0.439073,1.00518,-1.82304,12.9932,13.1226,-0.55995,1.00515
-1.37287,12.9103,8.04053,-3.06301,1.00627,-2.98838,12.2134,10.4704,0.439073,1.00518
0.751216,12.3053,6.01019,-1.34987,1.00627,-1.37287,12.9103,8.04053,-3.06301,1.00627
-2.87563,9.24021,10.0863,-0.194335,1.0052,-2.98838,12.2134,10.4704,0.439073,1.00518
5.09818,8.67027,18.3431,1.62694,1,5.65225,11.4998,17.5142,1.28929,1
3.89149,5.9406,18.6477,-2.59578,1,5.09818,8.67027,18.3431,1.62694,1
4.36881,2.97885,18.6321,3.04009,1,3.89149,5.9406,18.6477,-2.59578,1
1.72975,6.61199,20.6165,1.59297,1,3.89149,5.9406,18.6477,-2.59578,1
-4.27896,7.98678,7.74974,2.51099,1.00521,-2.87563,9.24021,10.0863,-0.194335,1.0052
-0.852894,5.09862,20.4172,1.41947,1,1.72975,6.61199,20.6165,1.59297,1
-3.53296,3.85923,19.887,-2.47721,1,-0.852894,5.09862,20.4172,1.41947,1
