3.56639,9.1482,19.8109,2.48709,1,2.31998,11.8238,19.2747,0.274331,1
3.50151,6.59514,18.2368,0.142726,1.01514,3.56639,9.1482,19.8109,2.48709,1
0.908032,5.20011,17.6643,-0.603668,1.01549,3.50151,6.59514,18.2368,0.142726,1.01514
4.45689,7.76872,15.6465,-2.02733,1.01514,3.50151,6.59514,18.2368,0.142726,1.01514
1.41432,2.84786,15.8725,1.26168,1.01549,0.908032,5.20011,17.6643,-0.603668,1.01549
-1.39137,3.12051,14.846,-1.48947,1.0155,1.41432,2.84786,15.8725,1.26168,1.01549
-3.17095,1.2604,16.3865,-2.97249,1.0155,-1.39137,3.12051,14.846,-1.48947,1.0155
-4.66598,-1.27638,16.9606,0.60497,1.0155,-3.17095,1.2604,16.3865,-2.97249,1.0155
-6.36707,-3.22086,18.4854,-1.17628,1.01579,-4.66598,-1.27638,16.9606,0.60497,1.0155
0.436795,12.671,17.0985,-0.86576,1,2.31998,11.8238,19.2747,0.274331,1
-7.38218,-0.150384,16.3653,-1.58429,1.0155,-4.66598,-1.27638,16.9606,0.60497,1.0155
5.09864,9.37594,13.196,-3.07028,1.01514,4.45689,7.76872,15.6465,-2.02733,1.01514
-8.79081,2.03987,14.8758,-2.98745,1.0155,-7.38218,-0.150384,16.3653,-1.58429,1.0155
-2.17107,-2.93314,16.7856,-0.767105,1.0155,-4.66598,-1.27638,16.9606,0.60497,1.0155
-5.83203,-6.13176,17.9952,1.96815,1.0158,-6.36707,-3.22086,18.4854,-1.17628,1.01579
