-3.79026,6.027,16.4821,0.651351,1,-2.76965,8.24276,18.2282,-0.029447,1
-5.21872,3.61002,17.5393,-2.95726,1.00119,-3.79026,6.027,16.4821,0.651351,1
-1.55448,6.24411,14.4936,2.20725,1,-3.79026,6.027,16.4821,0.651351,1
-0.443717,9.26496,19.8235,-2.98748,1,-2.76965,8.24276,18.2282,-0.029447,1
-2.84712,11.0678,17.2215,0.150054,1,-2.76965,8.24276,18.2282,-0.029447,1
-3.08037,7.27653,12.1259,-2.94239,1,-1.55448,6.24411,14.4936,2.20725,1
-6.22253,0.934239,16.6269,1.4136,1.00119,-5.21872,3.61002,17.5393,-2.95726,1.00119
-8.45645,-0.986447,17.1931,-3.11957,1.00119,-6.22253,0.934239,16.6269,1.4136,1.00119
-7.70285,-3.8821,17.4105,0.191598,1.00119,-8.45645,-0.986447,17.1931,-3.11957,1.00119
2.26355,9.45049,18.5443,2.66342,1,-0.443717,9.26496,19.8235,-2.98748,1
-10.2946,-5.39113,17.4857,-1.86562,1.00119,-7.70285,-3.8821,17.4105,0.191598,1.00119
-10.53,-6.58528,14.7437,-1.61355,1.00119,-10.2946,-5.39113,17.4857,-1.86562,1.00119
-9.12199,-7.36035,12.2105,1.01044,1.00119,-10.53,-6.58528,14.7437,-1.61355,1.00119
-7.9097,-9.09881,10.0873,-0.752895,1.00119,-9.12199,-7.36035,12.2105,1.01044,1.00119
-4.96618,-4.79676,18.2315,-1.85177,1.00119,-7.70285,-3.8821,17.4105,0.191598,1.00119
