-8.67788,10.9585,2.82297,-2.88629,1.0125,-5.74905,11.5966,2.94453,2.81579,1
-8.50366,8.4898,4.51854,-1.19543,1.01289,-8.67788,10.9585,2.82297,-2.88629,1.0125
-3.3814,10.2099,4.15745,-2.55479,1,-5.74905,11.5966,2.94453,2.81579,1
-2.20589,11.1745,6.74352,3.04343,1.01394,-3.3814,10.2099,4.15745,-2.55479,1
-9.32938,5.61252,4.31994,-2.48399,1.05866,-8.50366,8.4898,4.51854,-1.19543,1.01289
0.184851,10.7962,8.51589,-1.8449,1.01394,-2.20589,11.1745,6.74352,3.04343,1.01394
-3.82676,11.8908,9.1642,-0.47057,1.01394,-2.20589,11.1745,6.74352,3.04343,1.01394
-10.8078,5.06472,6.87223,1.19872,1.05866,-9.32938,5.61252,4.31994,-2.48399,1.05866
-11.1278,5.47581,9.82666,-2.67409,1.05866,-10.8078,5.06472,6.87223,1.19872,1.05866
1.09897,8.49703,10.2124,2.30957,1.01394,0.184851,10.7962,8.51589,-1.8449,1.01394
-10.5964,3.92359,12.3383,2.15002,1.05866,-11.1278,5.47581,9.82666,-2.67409,1.05866
-1.81291,13.9279,5.61921,2.55926,1.07722,-2.20589,11.1745,6.74352,3.04343,1.01394
-11.0594,2.11507,7.35835,-3.0836,1.05866,-10.8078,5.06472,6.87223,1.19872,1.05866
-9.63484,12.8429,4.95218,-1.72749,1.0125,-8.67788,10.9585,2.82297,-2.88629,1.0125
-10.893,3.72979,15.3173,0.901655,1.05866,-10.5964,3.92359,12.3383,2.15002,1.05866
