11.2135,11.7374,16.3277,0.359943,64.1764,12.1582,11.845,16.5985,2.66651,1
8.41505,12.8179,16.359,-0.334241,78.58,11.2135,11.7374,16.3277,0.359943,64.1764
9.59894,14.7082,14.3528,-2.43553,79.5623,8.41505,12.8179,16.359,-0.334241,78.58
8.38774,14.989,11.6226,1.06744,79.7554,9.59894,14.7082,14.3528,-2.43553,79.5623
5.62825,11.826,16.8589,2.94497,85.8392,8.41505,12.8179,16.359,-0.334241,78.58
5.72711,8.98814,15.8912,-2.20079,86.8613,5.62825,11.826,16.8589,2.94497,85.8392
6.47998,6.17502,15.1704,-1.73561,86.918,5.72711,8.98814,15.8912,-2.20079,86.8613
12.0064,10.0946,13.9459,0.433246,75.5148,11.2135,11.7374,16.3277,0.359943,64.1764
12.467,9.51568,18.4636,-2.21465,7.28513,12.1582,11.845,16.5985,2.66651,1
4.88936,3.86363,16.2322,0.0663135,86.9185,6.47998,6.17502,15.1704,-1.73561,86.918
12.3883,7.00112,20.0979,1.62054,16.099,12.467,9.51568,18.4636,-2.21465,7.28513
12.9033,10.5409,11.1182,-2.23973,76.449,12.0064,10.0946,13.9459,0.433246,75.5148
14.8613,11.014,14.0094,-2.2049,75.5173,12.0064,10.0946,13.9459,0.433246,75.5148
5.21231,6.01842,12.4559,-1.77968,86.947,6.47998,6.17502,15.1704,-1.73561,86.918
5.68247,5.09169,9.64163,2.23779,86.9498,5.21231,6.01842,12.4559,-1.77968,86.947
