-9.25861,-7.14371,6.73403,2.86127,1,-11.711,-8.86266,6.90962,2.08744,1
-8.36378,-7.59991,3.90716,2.58778,1.05735,-9.25861,-7.14371,6.73403,2.86127,1
-6.63906,-8.26754,1.54504,-1.95343,1.44981,-8.36378,-7.59991,3.90716,2.58778,1.05735
-7.28114,-4.9024,6.9912,-1.15589,1,-9.25861,-7.14371,6.73403,2.86127,1
-5.15838,-4.48185,9.06894,1.15006,1,-7.28114,-4.9024,6.9912,-1.15589,1
-6.10995,-2.00482,10.4685,-3.05906,1,-5.15838,-4.48185,9.06894,1.15006,1
-5.98865,0.669264,11.823,0.0864025,1,-6.10995,-2.00482,10.4685,-3.05906,1
-6.50377,2.54839,14.1041,3.06559,1,-5.98865,0.669264,11.823,0.0864025,1
-8.40937,1.46813,10.2412,-2.22364,1,-5.98865,0.669264,11.823,0.0864025,1
-10.888,2.80402,9.20589,-2.17044,1,-8.40937,1.46813,10.2412,-2.22364,1
-10.1727,3.21278,6.32122,2.99913,1,-10.888,2.80402,9.20589,-2.17044,1
-5.25164,-6.61554,11.1757,-0.122758,1,-5.15838,-4.48185,9.06894,1.15006,1
-6.43253,0.625926,16.4061,-1.00104,1,-6.50377,2.54839,14.1041,3.06559,1
-10.7654,5.68918,4.73498,-1.23093,1.00001,-10.1727,3.21278,6.32122,2.99913,1
-6.52425,4.95723,15.8921,-1.66368,1,-6.50377,2.54839,14.1041,3.06559,1
