-1.04486,-4.19809,2.26149,-0.43129,1,-0.620235,-4.64856,0.895192,2.4122,1
-0.976873,-4.69595,2.68968,-2.77383,1.00034,-1.04486,-4.19809,2.26149,-0.43129,1
-2.16863,-5.3987,2.11017,0.649998,1.0714,-0.976873,-4.69595,2.68968,-2.77383,1.00034
0.552716,-3.72835,1.06069,1.54845,1.05007,-0.620235,-4.64856,0.895192,2.4122,1
1.37961,-2.8426,1.94483,2.87971,1.05409,0.552716,-3.72835,1.06069,1.54845,1.05007
-1.09047,-3.93246,3.97583,-2.76145,1.00066,-0.976873,-4.69595,2.68968,-2.77383,1.00034
-2.31937,-3.19183,4.41318,-2.63615,1.00066,-1.09047,-3.93246,3.97583,-2.76145,1.00066
0.0145161,-4.88411,4.32706,-2.32965,1.00066,-1.09047,-3.93246,3.97583,-2.76145,1.00066
-3.13939,-2.00168,4.81458,1.08913,1.00066,-2.31937,-3.19183,4.41318,-2.63615,1.00066
-2.44331,-0.880254,4.10193,2.75791,1.00066,-3.13939,-2.00168,4.81458,1.08913,1.00066
-1.34464,0.108376,4.3579,-0.883139,1.00066,-2.44331,-0.880254,4.10193,2.75791,1.00066
-0.890336,-4.47986,4.36337,-0.491744,1.00066,-1.09047,-3.93246,3.97583,-2.76145,1.00066
-0.428989,1.09815,3.70068,2.82032,1.00068,-1.34464,0.108376,4.3579,-0.883139,1.00066
1.36291,-4.25836,4.52778,1.22389,1.01576,0.0145161,-4.88411,4.32706,-2.32965,1.00066
-2.16438,1.29011,4.78395,-0.407456,1.00066,-1.34464,0.108376,4.3579,-0.883139,1.00066
