0.308539,-0.162916,1.24169,-0.104735,1.17147,0.92127,1.20618,1.22959,-1.42288,1
0.0980258,2.36465,1.7094,2.27059,1.00661,0.92127,1.20618,1.22959,-1.42288,1
0.576209,3.20183,2.85851,-1.76446,1.00661,0.0980258,2.36465,1.7094,2.27059,1.00661
1.02392,2.33093,3.99478,-1.63266,1.0298,0.576209,3.20183,2.85851,-1.76446,1.00661
2.45584,1.92825,4.18831,-2.35592,1.04065,1.02392,2.33093,3.99478,-1.63266,1.0298
-1.34146,2.71798,1.47912,2.7038,1.00661,0.0980258,2.36465,1.7094,2.27059,1.00661
0.666082,-1.60397,1.02832,-2.00152,1.17147,0.308539,-0.162916,1.24169,-0.104735,1.17147
3.91795,1.59324,4.19082,-2.57942,1.04578,2.45584,1.92825,4.18831,-2.35592,1.04065
0.500603,-2.94218,1.68545,2.55103,1.17147,0.666082,-1.60397,1.02832,-2.00152,1.17147
1.05948,2.27954,1.68437,-1.79353,1.00661,0.0980258,2.36465,1.7094,2.27059,1.00661
0.881937,0.871345,4.31013,2.41712,1.0298,1.02392,2.33093,3.99478,-1.63266,1.0298
0.480609,4.65613,2.50376,-0.631549,1.00661,0.576209,3.20183,2.85851,-1.76446,1.00661
0.193262,-4.05612,2.64183,0.764992,1.17331,0.500603,-2.94218,1.68545,2.55103,1.17147
1.93248,4.84261,2.17619,-2.03371,1.00666,0.480609,4.65613,2.50376,-0.631549,1.00661
0.980368,-4.90131,3.59897,2.04562,1.17381,0.193262,-4.05612,2.64183,0.764992,1.17331
