-5.77604,-3.15639,0.873234,1.99144,10.7414,-6.21865,-3.09405,0.905368,2.73456,1
-5.89127,-3.51335,1.56547,0.602078,10.7452,-5.77604,-3.15639,0.873234,1.99144,10.7414
-4.87071,-1.96817,1.00926,3.12402,12.4777,-5.77604,-3.15639,0.873234,1.99144,10.7414
-5.12208,-1.8338,0.72074,-2.15604,12.4777,-4.87071,-1.96817,1.00926,3.12402,12.4777
-5.32137,-0.477996,1.33072,-3.01375,12.4777,-5.12208,-1.8338,0.72074,-2.15604,12.4777
-4.65512,0.864071,1.26027,0.648594,12.4777,-5.32137,-0.477996,1.33072,-3.01375,12.4777
-7.66003,-2.93668,1.28964,-2.15811,1,-6.21865,-3.09405,0.905368,2.73456,1
-4.85289,1.48196,1.15975,0.453785,12.4777,-4.65512,0.864071,1.26027,0.648594,12.4777
-9.0494,-2.45205,0.998456,-0.725032,1,-7.66003,-2.93668,1.28964,-2.15811,1
-5.50451,2.82317,1.32273,-0.126244,12.4777,-4.85289,1.48196,1.15975,0.453785,12.4777
-4.59813,4.0179,1.28939,-0.417624,12.4777,-5.50451,2.82317,1.32273,-0.126244,12.4777
-7.67439,-2.29295,1.42123,0.876451,5.1397,-7.66003,-2.93668,1.28964,-2.15811,1
-5.45184,5.25114,1.27232,-0.930875,12.4777,-4.59813,4.0179,1.28939,-0.417624,12.4777
-4.28562,6.19031,1.36112,-2.1634,12.4777,-5.45184,5.25114,1.27232,-0.930875,12.4777
-5.35106,7.24174,1.45773,-2.49494,12.4777,-4.28562,6.19031,1.36112,-2.1634,12.4777
