0.0472833,5.09161,1.44399,0.594902,1,-1.17905,4.23257,1.35365,2.34919,1
1.40591,5.72728,1.43639,-3.07413,1,0.0472833,5.09161,1.44399,0.594902,1
2.90031,5.62759,1.35383,-1.19309,1,1.40591,5.72728,1.43639,-3.07413,1
3.74841,4.39045,1.36875,-2.80193,1,2.90031,5.62759,1.35383,-1.19309,1
3.89716,2.89796,1.35034,0.291765,1,3.74841,4.39045,1.36875,-2.80193,1
2.76804,1.9365,1.12524,2.73783,1,3.89716,2.89796,1.35034,0.291765,1
3.81417,0.863245,1.06425,1.47022,1,2.76804,1.9365,1.12524,2.73783,1
2.95048,-0.321092,1.38265,2.7758,1.00046,3.81417,0.863245,1.06425,1.47022,1
1.9642,-1.45121,1.37401,-0.551919,1.0069,2.95048,-0.321092,1.38265,2.7758,1.00046
-2.49388,3.52552,1.20767,1.09224,1,-1.17905,4.23257,1.35365,2.34919,1
5.14551,4.66236,0.895273,1.05398,1,3.74841,4.39045,1.36875,-2.80193,1
0.888748,-2.49658,1.34904,2.06141,1.007,1.9642,-1.45121,1.37401,-0.551919,1.0069
1.65447,7.20598,1.39546,0.68081,1.7847,1.40591,5.72728,1.43639,-3.07413,1
6.37261,3.81179,1.03941,-0.794205,1,5.14551,4.66236,0.895273,1.05398,1
2.97693,-2.5571,1.41113,1.76572,1.0069,1.9642,-1.45121,1.37401,-0.551919,1.0069
