-1.79665,4.89157,1.00573,-1.01586,2.08557,-2.2165,4.95054,1.06546,2.26321,2
-1.10033,3.56469,1.07295,-1.19736,2.08557,-1.79665,4.89157,1.00573,-1.01586,2.08557
-0.427636,5.49449,0.894894,0.662859,2.08557,-1.79665,4.89157,1.00573,-1.01586,2.08557
0.922703,4.85288,1.01706,1.50422,2.08557,-0.427636,5.49449,0.894894,0.662859,2.08557
2.0783,3.89961,0.940356,0.63899,2.08557,0.922703,4.85288,1.01706,1.50422,2.08557
3.32323,4.7362,0.924537,-0.812491,2.13015,2.0783,3.89961,0.940356,0.63899,2.08557
1.42435,6.25647,1.18524,1.68833,2.08557,0.922703,4.85288,1.01706,1.50422,2.08557
2.15343,2.40613,1.05809,-1.22108,2.08557,2.0783,3.89961,0.940356,0.63899,2.08557
2.26908,2.61691,1.45344,-2.12727,2.08557,2.15343,2.40613,1.05809,-1.22108,2.08557
3.06302,1.21364,1.08296,0.926163,2.08557,2.15343,2.40613,1.05809,-1.22108,2.08557
-1.87444,2.28064,1.02856,-1.78155,2.78952,-1.10033,3.56469,1.07295,-1.19736,2.08557
2.97062,-0.281885,1.15274,-1.08039,2.08557,3.06302,1.21364,1.08296,0.926163,2.08557
4.80833,4.56838,1.0523,-1.34894,2.31098,3.32323,4.7362,0.924537,-0.812491,2.13015
-2.34384,4.3608,1.68169,2.24833,4.72625,-2.2165,4.95054,1.06546,2.26321,2
2.22061,2.24323,0.997417,-2.36683,2.08557,2.15343,2.40613,1.05809,-1.22108,2.08557
2.07216,-1.48285,1.17368,1.88142,2.08557,2.97062,-0.281885,1.15274,-1.08039,2.08557
0.785387,-2.24832,1.08266,-2.86346,2.08557,2.07216,-1.48285,1.17368,1.88142,2.08557
2.06907,0.203661,1.43764,0.664306,2.08557,2.97062,-0.281885,1.15274,-1.08039,2.08557
-0.532796,-2.96411,1.07649,-2.77548,2.08557,0.785387,-2.24832,1.08266,-2.86346,2.08557
2.80235,-2.79216,1.22402,-2.42137,2.08592,2.07216,-1.48285,1.17368,1.88142,2.08557
2.33213,-1.21832,1.34013,1.91729,2.08557,2.07216,-1.48285,1.17368,1.88142,2.08557
5.89191,3.53743,1.16642,-0.685381,2.45133,4.80833,4.56838,1.0523,-1.34894,2.31098
3.8836,4.98147,1.44199,-1.00722,2.21617,3.32323,4.7362,0.924537,-0.812491,2.13015
-0.0403845,-1.00326,1.21654,-0.976127,2.08557,0.785387,-2.24832,1.08266,-2.86346,2.08557
0.708124,-0.172603,0.978642,1.45161,2.08557,-0.0403845,-1.00326,1.21654,-0.976127,2.08557
2.92545,-4.2833,1.11754,2.19966,2.08592,2.80235,-2.79216,1.22402,-2.42137,2.08592
1.97443,-1.25998,1.61792,0.612468,2.08557,2.33213,-1.21832,1.34013,1.91729,2.08557
2.35266,-4.43425,0.975602,0.778201,2.08592,2.92545,-4.2833,1.11754,2.19966,2.08592
6.74724,2.30557,1.13608,1.27654,2.47534,5.89191,3.53743,1.16642,-0.685381,2.45133
-0.3188,-1.87782,0.806319,-2.1298,2.08557,-0.0403845,-1.00326,1.21654,-0.976127,2.08557
