7.44646,-6.91687,1.16693,-2.32378,2.37648,6.08632,-6.32118,1.3794,2.86903,2
8.5963,-7.87787,1.10096,-1.38858,2.61255,7.44646,-6.91687,1.16693,-2.32378,2.37648
8.77124,-7.08771,1.07229,-1.03358,2.77032,8.5963,-7.87787,1.10096,-1.38858,2.61255
6.13767,-4.8224,1.34734,-1.7241,2,6.08632,-6.32118,1.3794,2.86903,2
5.43045,-3.5001,1.31062,3.12758,2,6.13767,-4.8224,1.34734,-1.7241,2
5.51098,-2.0028,1.27058,-0.583224,2.00274,5.43045,-3.5001,1.31062,3.12758,2
6.90473,-1.47072,1.11458,0.490731,2.00274,5.51098,-2.0028,1.27058,-0.583224,2.00274
7.53915,-8.93729,1.20126,-1.74413,2.61255,8.5963,-7.87787,1.10096,-1.38858,2.61255
8.04062,-5.70289,0.842648,-2.27292,2.37671,7.44646,-6.91687,1.16693,-2.32378,2.37648
5.45444,-5.43186,1.71483,0.202979,2,6.13767,-4.8224,1.34734,-1.7241,2
9.02706,-5.94422,1.69439,-1.33883,2.50406,8.04062,-5.70289,0.842648,-2.27292,2.37671
5.33482,-7.12823,1.2284,-0.585952,2.33819,6.08632,-6.32118,1.3794,2.86903,2
8.68035,-9.05777,1.27698,-1.25865,2.63609,7.53915,-8.93729,1.20126,-1.74413,2.61255
5.53833,-1.4373,1.72922,-1.31175,2.00464,5.51098,-2.0028,1.27058,-0.583224,2.00274
7.5045,-7.06576,0.949485,-0.0147439,2.41816,7.44646,-6.91687,1.16693,-2.32378,2.37648
5.82407,-2.81935,1.38155,-2.40121,2,5.43045,-3.5001,1.31062,3.12758,2
8.0215,-2.30517,0.753063,-1.84407,2.00274,6.90473,-1.47072,1.11458,0.490731,2.00274
8.97046,-2.44133,0.778858,1.80244,2.00274,8.0215,-2.30517,0.753063,-1.84407,2.00274
8.06775,-2.347,1.60731,0.383785,2.00274,8.0215,-2.30517,0.753063,-1.84407,2.00274
8.64261,-3.48797,1.33335,3.03523,2.00274,8.97046,-2.44133,0.778858,1.80244,2.00274
6.92898,-8.16475,1.70034,2.6169,2.7771,7.53915,-8.93729,1.20126,-1.74413,2.61255
5.85064,-2.0257,1.66184,-2.7362,2.00274,5.51098,-2.0028,1.27058,-0.583224,2.00274
6.33976,-6.68702,0.912214,-0.126161,2.74815,6.08632,-6.32118,1.3794,2.86903,2
8.37046,-3.49551,1.05213,-0.526276,2.00274,8.64261,-3.48797,1.33335,3.03523,2.00274
7.97753,-3.50746,1.53823,-2.50939,2.00274,8.37046,-3.49551,1.05213,-0.526276,2.00274
6.16788,-4.2436,0.998263,0.387295,2,6.13767,-4.8224,1.34734,-1.7241,2
6.59938,-1.35833,1.10766,-3.03249,2.00274,6.90473,-1.47072,1.11458,0.490731,2.00274
8.93551,-6.81548,1.54396,0.136799,2.77032,8.77124,-7.08771,1.07229,-1.03358,2.77032
4.12492,-8.01431,1.19676,-1.55726,2.35687,5.33482,-7.12823,1.2284,-0.585952,2.33819
6.74016,-7.76919,1.60659,1.36628,2.77812,6.92898,-8.16475,1.70034,2.6169,2.7771
