0.513748,-1.27906,9.59198,2.26266,1,0.2636,-0.717223,10.9601,1.65863,1
0.701862,-2.76105,9.72735,1.01031,1.00022,0.513748,-1.27906,9.59198,2.26266,1
0.914462,-3.86037,8.72921,-1.94424,1.50698,0.701862,-2.76105,9.72735,1.01031,1.00022
-0.505074,-3.59875,8.3212,0.961199,1.50833,0.914462,-3.86037,8.72921,-1.94424,1.50698
-0.0850719,-3.51666,6.88354,-1.87057,1.58932,-0.505074,-3.59875,8.3212,0.961199,1.50833
0.67712,-3.30603,5.6089,-2.89912,1.68357,-0.0850719,-3.51666,6.88354,-1.87057,1.58932
0.141562,-4.54931,4.9628,2.64945,1.70358,0.67712,-3.30603,5.6089,-2.89912,1.68357
1.14568,-3.61415,10.8785,0.74737,1.00022,0.701862,-2.76105,9.72735,1.01031,1.00022
-1.11033,-0.370149,11.4519,1.21344,1.0496,0.2636,-0.717223,10.9601,1.65863,1
0.677485,-1.81352,5.45925,2.12348,1.68357,0.67712,-3.30603,5.6089,-2.89912,1.68357
-0.174675,-0.603589,5.70398,-3.12599,1.68357,0.677485,-1.81352,5.45925,2.12348,1.68357
-1.40178,-4.80043,8.36448,-0.46224,1.64753,-0.505074,-3.59875,8.3212,0.961199,1.50833
-0.787359,-0.129816,10.1299,1.95984,1.06782,-1.11033,-0.370149,11.4519,1.21344,1.0496
-0.326084,-0.808184,9.15191,-1.05131,1.00529,0.513748,-1.27906,9.59198,2.26266,1
1.43223,-5.26818,8.72628,3.137,1.50838,0.914462,-3.86037,8.72921,-1.94424,1.50698
