1.06901,3.70083,9.95606,1.17663,5.89088,1.93998,2.66555,9.3083,2.67433,1
1.23018,5.1803,9.7684,-1.8642,5.90539,1.06901,3.70083,9.95606,1.17663,5.89088
2.1406,1.21573,8.97999,-1.01439,1.17808,1.93998,2.66555,9.3083,2.67433,1
-0.123914,3.51127,9.06669,-1.82502,5.89222,1.06901,3.70083,9.95606,1.17663,5.89088
1.83741,0.685142,7.61012,2.23149,1.17808,2.1406,1.21573,8.97999,-1.01439,1.17808
1.53315,-0.733156,7.22821,-1.95404,1.17808,1.83741,0.685142,7.61012,2.23149,1.17808
0.976274,5.7411,8.40055,-0.197584,5.90792,1.23018,5.1803,9.7684,-1.8642,5.90539
1.7864,0.35475,10.1561,-1.59604,1.34231,2.1406,1.21573,8.97999,-1.01439,1.17808
0.264854,6.6768,7.4687,-0.708001,5.90871,0.976274,5.7411,8.40055,-0.197584,5.90792
0.173547,6.5247,7.20628,2.28573,6.98209,0.264854,6.6768,7.4687,-0.708001,5.90871
0.801915,6.34003,5.85682,-2.34449,7.00925,0.173547,6.5247,7.20628,2.28573,6.98209
-1.04672,3.50361,10.2492,-1.18272,5.94113,-0.123914,3.51127,9.06669,-1.82502,5.89222
1.27819,2.76459,8.17785,-0.78973,1.01089,1.93998,2.66555,9.3083,2.67433,1
0.607754,-0.166333,10.9237,1.02399,1.43168,1.7864,0.35475,10.1561,-1.59604,1.34231
0.0512087,-1.55815,10.8679,1.86367,1.451,0.607754,-0.166333,10.9237,1.02399,1.43168
