-4.02456,-5.15878,1.17789,-0.606216,2,-5.4565,-4.7131,1.20832,0.42042,2
-2.52602,-5.16746,1.1124,-1.56669,2,-4.02456,-5.15878,1.17789,-0.606216,2
-1.06314,-5.49751,1.08,1.20303,2,-2.52602,-5.16746,1.1124,-1.56669,2
0.434339,-5.53167,1.00002,0.257684,2,-1.06314,-5.49751,1.08,1.20303,2
1.00335,-4.16431,1.23782,-2.39725,2,0.434339,-5.53167,1.00002,0.257684,2
1.25434,-2.68607,1.1952,1.58264,2,1.00335,-4.16431,1.23782,-2.39725,2
2.45854,-4.4564,1.45486,-1.6591,2,1.00335,-4.16431,1.23782,-2.39725,2
3.70583,-3.62338,1.47317,-0.195089,2,2.45854,-4.4564,1.45486,-1.6591,2
-2.57701,-5.72556,1.61786,0.829255,2,-2.52602,-5.16746,1.1124,-1.56669,2
0.429184,-1.4336,1.21573,-1.66071,2,1.25434,-2.68607,1.1952,1.58264,2
-3.31372,-5.55292,1.25797,-2.89383,2,-4.02456,-5.15878,1.17789,-0.606216,2
0.583876,0.0557761,1.30425,-2.0135,2,0.429184,-1.4336,1.21573,-1.66071,2
1.50213,1.24186,1.29967,-1.85621,2,0.583876,0.0557761,1.30425,-2.0135,2
-0.888476,-0.0908247,1.55059,-2.25368,2.00133,0.583876,0.0557761,1.30425,-2.0135,2
-0.971008,-0.476984,1.44253,2.03166,2.00133,-0.888476,-0.0908247,1.55059,-2.25368,2.00133
2.6487,2.20608,1.37492,1.65434,2,1.50213,1.24186,1.29967,-1.85621,2
0.783947,2.44653,0.767713,-2.60868,2,1.50213,1.24186,1.29967,-1.85621,2
-4.2957,-5.30487,1.25094,-2.96794,2,-4.02456,-5.15878,1.17789,-0.606216,2
-4.51698,-6.78423,1.3629,-2.66303,2,-4.2957,-5.30487,1.25094,-2.96794,2
0.876618,3.92661,0.993074,1.34762,2,0.783947,2.44653,0.767713,-2.60868,2
0.570162,5.38907,1.1246,-2.00765,2,0.876618,3.92661,0.993074,1.34762,2
0.18709,-5.00989,0.896541,2.23659,2,0.434339,-5.53167,1.00002,0.257684,2
0.914101,6.84223,1.26612,1.91277,2,0.570162,5.38907,1.1246,-2.00765,2
-0.829843,4.85147,1.15586,-2.06342,2,0.570162,5.38907,1.1246,-2.00765,2
0.912634,6.21572,1.22929,-0.520382,2,0.914101,6.84223,1.26612,1.91277,2
-2.32849,4.91236,1.17467,2.32255,2,-0.829843,4.85147,1.15586,-2.06342,2
3.60792,3.35283,1.25304,0.87033,2,2.6487,2.20608,1.37492,1.65434,2
0.940621,-4.41325,0.721023,0.0143202,2,1.00335,-4.16431,1.23782,-2.39725,2
1.94422,-2.90476,0.766224,-0.195276,2,1.25434,-2.68607,1.1952,1.58264,2
2.54222,0.161078,1.31061,1.38139,2,1.50213,1.24186,1.29967,-1.85621,2
