-3.57669,-9.06351,1.9772,1.92284,11.496,-2.52191,-10.1296,1.94556,-2.04354,1
-2.94864,-8.1228,0.991997,2.62974,20.2072,-3.57669,-9.06351,1.9772,1.92284,11.496
-2.58728,-6.70184,1.30868,1.93585,20.6223,-2.94864,-8.1228,0.991997,2.62974,20.2072
-2.68851,-5.20605,1.26005,0.0437713,20.6223,-2.58728,-6.70184,1.30868,1.93585,20.6223
-2.91947,-3.73476,1.43887,1.92434,20.9613,-2.68851,-5.20605,1.26005,0.0437713,20.6223
-4.23586,-3.04383,1.63819,2.11146,21.4008,-2.91947,-3.73476,1.43887,1.92434,20.9613
-2.24138,-2.40112,1.54651,0.77093,20.9613,-2.91947,-3.73476,1.43887,1.92434,20.9613
-1.11844,-6.4816,1.0989,0.639198,20.6235,-2.58728,-6.70184,1.30868,1.93585,20.6223
0.29459,-6.95354,0.923949,-1.9251,20.629,-1.11844,-6.4816,1.0989,0.639198,20.6235
1.38883,-5.93397,1.03851,-2.92414,20.6301,0.29459,-6.95354,0.923949,-1.9251,20.629
0.337393,-5.06899,0.408994,-1.34241,20.6301,1.38883,-5.93397,1.03851,-2.92414,20.6301
-1.13623,-2.63003,1.15862,1.28682,20.9613,-2.24138,-2.40112,1.54651,0.77093,20.9613
0.117949,-1.80733,1.1728,-1.06362,20.9614,-1.13623,-2.63003,1.15862,1.28682,20.9613
-0.169195,-0.381583,1.53994,-2.13233,20.9614,0.117949,-1.80733,1.1728,-1.06362,20.9614
-0.571953,1.03646,1.26258,3.02256,20.9614,-0.169195,-0.381583,1.53994,-2.13233,20.9614
