-5.51567,-9.47983,1.36017,-0.0621196,1.04724,-6.53645,-10.5755,1.44657,2.39258,1
-4.40659,-8.47004,1.34444,-2.83988,1.04724,-5.51567,-9.47983,1.36017,-0.0621196,1.04724
-3.25823,-7.51188,1.45941,0.945758,1.04724,-4.40659,-8.47004,1.34444,-2.83988,1.04724
-2.03653,-8.35801,1.66317,-2.60082,1.04739,-3.25823,-7.51188,1.45941,0.945758,1.04724
-1.05292,-7.23488,1.51796,-1.65644,1.04802,-2.03653,-8.35801,1.66317,-2.60082,1.04739
-0.0946265,-7.88767,0.566363,1.23101,1.04803,-1.05292,-7.23488,1.51796,-1.65644,1.04802
-0.00103531,-9.3847,0.57764,-0.224182,1.0481,-0.0946265,-7.88767,0.566363,1.23101,1.04803
0.955983,-6.82328,0.681633,-1.28637,1.04803,-0.0946265,-7.88767,0.566363,1.23101,1.04803
1.36355,-5.37984,0.700982,2.53142,1.04803,0.955983,-6.82328,0.681633,-1.28637,1.04803
1.41114,-9.80831,0.853883,2.736,1.04823,-0.00103531,-9.3847,0.57764,-0.224182,1.0481
-5.33314,-7.3136,1.11172,2.40188,1.04724,-4.40659,-8.47004,1.34444,-2.83988,1.04724
1.84673,-11.2387,0.734425,1.01944,1.04823,1.41114,-9.80831,0.853883,2.736,1.04823
0.763236,-8.95964,0.627463,-1.63766,1.04819,-0.00103531,-9.3847,0.57764,-0.224182,1.0481
0.725679,-4.06388,1.03473,-1.22625,1.04803,1.36355,-5.37984,0.700982,2.53142,1.04803
3.26483,-11.412,1.19155,-1.28792,1.04834,1.84673,-11.2387,0.734425,1.01944,1.04823
