0.498086,0.00650664,1.09215,-0.632721
0.537982,0.150934,1.09915,-0.489463
0.577879,0.295361,1.10615,-0.346206
0.617775,0.439789,1.11315,-0.202948
0.657672,0.584216,1.12015,-0.0596908
0.697568,0.728644,1.12715,0.0835667
0.737465,0.873071,1.13415,0.226824
0.777361,1.0175,1.14115,0.370082
0.817258,1.16193,1.14814,0.513339
0.857154,1.30635,1.15514,0.656597
0.897051,1.45078,1.16214,0.799854
0.898914,1.45819,1.16434,0.794569
0.945517,1.57619,1.17222,0.951569
0.99212,1.69419,1.1801,1.10857
1.03872,1.8122,1.18798,1.26557
1.08533,1.9302,1.19586,1.42257
1.13193,2.04821,1.20374,1.57957
1.17853,2.16621,1.21162,1.73657
1.22514,2.28421,1.21951,1.89357
1.27174,2.40222,1.22739,2.05057
1.31834,2.52022,1.23527,2.20757
1.36495,2.63822,1.24315,2.36457
1.41155,2.75623,1.25103,2.52157
1.44602,2.8435,1.25686,2.63768
1.41683,2.99063,1.2569,2.61569
1.38765,3.13777,1.25695,2.59371
1.35846,3.2849,1.257,2.57172
1.32928,3.43203,1.25704,2.54973
1.30009,3.57917,1.25709,2.52774
1.27091,3.7263,1.25713,2.50575
1.24172,3.87343,1.25718,2.48377
1.21254,4.02057,1.25722,2.46178
1.18336,4.1677,1.25727,2.43979
1.15417,4.31483,1.25731,2.4178
1.06092,4.33481,1.2681,2.5748
0.967666,4.35478,1.27889,2.7318
0.874413,4.37475,1.28967,2.8888
0.78116,4.39472,1.30046,3.0458
0.687907,4.41469,1.31124,-3.08038
0.594655,4.43467,1.32203,-2.92338
0.501402,4.45464,1.33282,-2.76638
0.408149,4.47461,1.3436,-2.60938
0.314897,4.49458,1.35439,-2.45238
0.221644,4.51455,1.36518,-2.29538
0.128391,4.53452,1.37596,-2.13838
0.0351386,4.5545,1.38675,-1.98138
-0.0581141,4.57447,1.39753,-1.82438
-0.151367,4.59444,1.40832,-1.66738
-0.24462,4.61441,1.41911,-1.51038
-0.303276,4.62697,1.42589,-1.41163
-0.236755,4.66822,1.42119,-1.56863
-0.170235,4.70946,1.4165,-1.72563
-0.103715,4.75071,1.4118,-1.88263
-0.0371947,4.79195,1.4071,-2.03963
0.0293255,4.8332,1.4024,-2.19663
0.0958458,4.87444,1.3977,-2.35363
0.162366,4.91569,1.39301,-2.51063
0.228886,4.95694,1.38831,-2.66763
0.295406,4.99818,1.38361,-2.82463
0.361927,5.03943,1.37891,-2.98163
0.428447,5.08067,1.37421,-3.13863
0.494967,5.12192,1.36952,2.98756
0.561487,5.16316,1.36482,2.83056
0.628008,5.20441,1.36012,2.67356
0.694528,5.24565,1.35542,2.51656
0.761048,5.2869,1.35072,2.35956
0.827568,5.32814,1.34603,2.20256
0.894089,5.36939,1.34133,2.04556
0.960609,5.41063,1.33663,1.88856
0.969265,5.416,1.33602,1.86813
1.07566,5.31056,1.34393,1.97542
1.18205,5.20512,1.35184,2.08271
1.28845,5.09968,1.35976,2.19
1.39484,4.99424,1.36767,2.29729
1.50124,4.8888,1.37558,2.40458
1.60763,4.78336,1.38349,2.51187
1.71403,4.67792,1.39141,2.61916
1.82042,4.57248,1.39932,2.72645
1.92682,4.46704,1.40723,2.83374
2.03321,4.3616,1.41514,2.94103
2.06715,4.43664,1.38114,2.78403
2.1011,4.51169,1.34713,2.62703
2.13504,4.58674,1.31313,2.47003
2.16899,4.66178,1.27912,2.31303
2.20293,4.73683,1.24512,2.15603
2.23687,4.81188,1.21111,1.99903
2.27082,4.88692,1.17711,1.84203
2.30476,4.96197,1.1431,1.68503
2.3387,5.03701,1.1091,1.52803
2.37265,5.11206,1.07509,1.37103
2.40659,5.18711,1.04109,1.21403
2.44054,5.26215,1.00708,1.05703
2.47448,5.3372,0.973077,0.900028
2.50842,5.41225,0.939071,0.743028
2.54237,5.48729,0.905066,0.586028
2.57631,5.56234,0.871061,0.429028
2.6046,5.62487,0.842726,0.298208
2.71174,5.61548,0.840576,0.455208
2.81889,5.60609,0.838425,0.612208
2.92604,5.5967,0.836274,0.769208
3.03319,5.5873,0.834123,0.926208
3.14033,5.57791,0.831972,1.08321
3.24748,5.56852,0.829821,1.24021
3.35463,5.55913,0.82767,1.39721
3.46178,5.54974,0.825519,1.55421
3.56892,5.54035,0.823368,1.71121
3.67607,5.53095,0.821217,1.86821
3.78322,5.52156,0.819066,2.02521
3.89037,5.51217,0.816916,2.18221
3.99751,5.50278,0.814765,2.33921
4.09857,5.49392,0.812736,2.48728
4.1692,5.45165,0.828005,2.64428
4.23984,5.40938,0.843273,2.80128
4.31048,5.3671,0.858542,2.95828
4.38111,5.32483,0.87381,3.11528
4.45175,5.28256,0.889079,-3.01091
4.52238,5.24028,0.904348,-2.85391
4.59302,5.19801,0.919616,-2.69691
4.66365,5.15574,0.934885,-2.53991
4.73429,5.11347,0.950153,-2.38291
4.80493,5.07119,0.965422,-2.22591
4.87556,5.02892,0.98069,-2.06891
4.9462,4.98665,0.995959,-1.91191
5.01683,4.94438,1.01123,-1.75491
5.08747,4.9021,1.0265,-1.59791
5.15811,4.85983,1.04176,-1.44091
5.22874,4.81756,1.05703,-1.28391
5.29938,4.77528,1.0723,-1.12691
5.3641,4.73655,1.08629,-0.98306
5.45924,4.80302,1.07313,-1.14006
5.55438,4.86948,1.05997,-1.29706
5.64952,4.93594,1.04681,-1.45406
5.74466,5.0024,1.03364,-1.61106
5.8398,5.06886,1.02048,-1.76806
5.93494,5.13532,1.00732,-1.92506
6.03008,5.20179,0.994158,-2.08206
6.12522,5.26825,0.980996,-2.23906
6.22036,5.33471,0.967834,-2.39606
6.3155,5.40117,0.954672,-2.55306
6.41064,5.46763,0.94151,-2.71006
6.50578,5.53409,0.928348,-2.86706
6.58594,5.59009,0.917258,-2.99934
6.62082,5.49893,0.910603,-2.84234
6.65569,5.40777,0.903947,-2.68534
6.69057,5.31661,0.897291,-2.52834
6.72545,5.22545,0.890636,-2.37134
6.76033,5.13429,0.88398,-2.21434
6.7952,5.04313,0.877324,-2.05734
6.83008,4.95197,0.870669,-1.90034
6.86496,4.86082,0.864013,-1.74334
6.89984,4.76966,0.857357,-1.58634
6.93471,4.6785,0.850701,-1.42934
6.96959,4.58734,0.844046,-1.27234
7.00447,4.49618,0.83739,-1.11534
7.03934,4.40502,0.830734,-0.958336
7.07422,4.31386,0.824079,-0.801336
7.1091,4.2227,0.817423,-0.644336
7.1207,4.19237,0.815209,-0.5921
7.15416,4.09847,0.814742,-0.7491
7.18762,4.00458,0.814276,-0.9061
7.22107,3.91068,0.81381,-1.0631
7.25453,3.81678,0.813343,-1.2201
7.28798,3.72288,0.812877,-1.3771
7.32144,3.62898,0.812411,-1.5341
7.3549,3.53508,0.811945,-1.6911
7.38835,3.44119,0.811478,-1.8481
7.42181,3.34729,0.811012,-2.0051
7.45526,3.25339,0.810546,-2.1621
7.48872,3.15949,0.810079,-2.3191
7.52218,3.06559,0.809613,-2.4761
7.55563,2.9717,0.809147,-2.6331
7.58909,2.8778,0.808681,-2.7901
7.62254,2.7839,0.808214,-2.9471
7.62415,2.7794,0.808192,-2.95463
7.57599,2.66809,0.81774,-2.79763
7.52784,2.55678,0.827288,-2.64063
7.47968,2.44547,0.836836,-2.48363
7.43153,2.33417,0.846384,-2.32663
7.38337,2.22286,0.855932,-2.16963
7.33522,2.11155,0.865481,-2.01263
7.28706,2.00024,0.875029,-1.85563
7.23891,1.88893,0.884577,-1.69863
7.19075,1.77763,0.894125,-1.54163
7.1426,1.66632,0.903673,-1.38463
7.09444,1.55501,0.913221,-1.22763
7.04629,1.4437,0.922769,-1.07063
7.03039,1.40696,0.925921,-1.0188
7.16338,1.35636,0.97339,-1.12026
7.29637,1.30577,1.02086,-1.22173
7.42937,1.25518,1.06833,-1.32319
7.56236,1.20458,1.1158,-1.42466
7.69535,1.15399,1.16326,-1.52612
7.82834,1.10339,1.21073,-1.62759
7.96134,1.0528,1.2582,-1.72905
8.09433,1.0022,1.30567,-1.83051
8.22732,0.951611,1.35314,-1.93198
8.36031,0.901017,1.40061,-2.03344
8.36031,0.901017,1.40061,-2.03344
8.39238,0.754642,1.39383,-2.04888
8.42445,0.608267,1.38706,-2.06432
8.45652,0.461892,1.38028,-2.07976
8.4886,0.315518,1.37351,-2.0952
8.52067,0.169143,1.36673,-2.11065
8.55274,0.0227679,1.35996,-2.12609
8.58481,-0.123607,1.35318,-2.14153
8.61688,-0.269982,1.34641,-2.15697
8.64895,-0.416356,1.33963,-2.17241
8.68102,-0.562731,1.33286,-2.18785
8.60569,-0.668153,1.32388,-2.34485
8.53037,-0.773574,1.3149,-2.50185
8.45504,-0.878995,1.30592,-2.65885
8.37972,-0.984417,1.29694,-2.81585
8.30439,-1.08984,1.28797,-2.97285
8.22907,-1.19526,1.27899,-3.12985
8.15375,-1.30068,1.27001,2.99634
8.07842,-1.4061,1.26103,2.83934
8.0031,-1.51152,1.25205,2.68234
7.92777,-1.61695,1.24308,2.52534
7.85245,-1.72237,1.2341,2.36834
7.81107,-1.78028,1.22917,2.28209
7.81447,-1.93015,1.224,2.41678
7.81788,-2.08003,1.21883,2.55146
7.82129,-2.2299,1.21366,2.68615
7.8247,-2.37977,1.20849,2.82084
7.82811,-2.52964,1.20332,2.95553
7.83152,-2.67952,1.19815,3.09022
7.83492,-2.82939,1.19298,-3.05827
7.83833,-2.97926,1.18781,-2.92359
7.84174,-3.12913,1.18264,-2.7889
7.84515,-3.279,1.17747,-2.65421
7.84515,-3.279,1.17747,-2.65421
7.70269,-3.32596,1.1772,-2.6051
7.56023,-3.37292,1.17692,-2.55598
7.41777,-3.41988,1.17665,-2.50687
7.27531,-3.46684,1.17638,-2.45776
7.13285,-3.51379,1.1761,-2.40865
6.99039,-3.56075,1.17583,-2.35954
6.84793,-3.60771,1.17555,-2.31043
6.70547,-3.65467,1.17528,-2.26132
6.56301,-3.70163,1.175,-2.21221
6.42055,-3.74859,1.17473,-2.1631
6.42055,-3.74859,1.17473,-2.1631
6.29453,-3.82987,1.17813,-2.07951
6.16851,-3.91115,1.18153,-1.99593
6.04248,-3.99243,1.18493,-1.91235
5.91646,-4.07371,1.18833,-1.82876
5.79044,-4.155,1.19173,-1.74518
5.66442,-4.23628,1.19512,-1.6616
5.53839,-4.31756,1.19852,-1.57801
5.41237,-4.39884,1.20192,-1.49443
5.28635,-4.48013,1.20532,-1.41085
5.16033,-4.56141,1.20872,-1.32727
5.15956,-4.65957,1.22262,-1.17027
5.1588,-4.75774,1.23652,-1.01327
5.15803,-4.8559,1.25042,-0.856265
5.15727,-4.95407,1.26432,-0.699265
5.1565,-5.05223,1.27822,-0.542265
5.15573,-5.1504,1.29212,-0.385265
5.15497,-5.24856,1.30602,-0.228265
5.1542,-5.34672,1.31992,-0.0712654
5.15344,-5.44489,1.33382,0.0857346
5.15267,-5.54305,1.34772,0.242735
5.15191,-5.64122,1.36162,0.399735
5.15114,-5.73938,1.37552,0.556735
5.15038,-5.83755,1.38942,0.713735
5.14961,-5.93571,1.40332,0.870735
5.14884,-6.03387,1.41722,1.02773
5.14875,-6.04655,1.41901,1.04801
5.24504,-6.15359,1.41267,0.891007
5.34133,-6.26063,1.40632,0.734007
5.43762,-6.36767,1.39998,0.577007
5.53391,-6.47471,1.39364,0.420007
5.6302,-6.58175,1.38729,0.263007
5.72649,-6.68879,1.38095,0.106007
5.82278,-6.79583,1.3746,-0.0509932
5.91907,-6.90287,1.36826,-0.207993
6.01536,-7.00991,1.36191,-0.364993
6.11165,-7.11695,1.35557,-0.521993
6.15096,-7.16064,1.35298,-0.586082
6.00567,-7.1978,1.35594,-0.73823
5.86037,-7.23495,1.35891,-0.890377
5.71508,-7.27211,1.36187,-1.04252
5.56978,-7.30926,1.36484,-1.19467
5.42449,-7.34642,1.3678,-1.34682
5.27919,-7.38357,1.37077,-1.49897
5.13389,-7.42073,1.37373,-1.65112
4.9886,-7.45788,1.37669,-1.80326
4.8433,-7.49504,1.37966,-1.95541
4.69801,-7.53219,1.38262,-2.10756
4.69801,-7.53219,1.38262,-2.10756
4.69743,-7.68168,1.39496,-2.09442
4.69684,-7.83117,1.40729,-2.08128
4.69626,-7.98066,1.41963,-2.06814
4.69568,-8.13015,1.43196,-2.055
4.6951,-8.27965,1.44429,-2.04186
4.69451,-8.42914,1.45663,-2.02872
4.69393,-8.57863,1.46896,-2.01558
4.69335,-8.72812,1.4813,-2.00244
4.69276,-8.87761,1.49363,-1.9893
4.69218,-9.0271,1.50597,-1.97616
4.69218,-9.0271,1.50597,-1.97616
4.81636,-9.02334,1.48648,-1.81916
4.94054,-9.01957,1.467,-1.66216
5.06472,-9.01581,1.44751,-1.50516
5.1889,-9.01204,1.42803,-1.34816
5.31308,-9.00828,1.40855,-1.19116
5.43726,-9.00451,1.38906,-1.03416
5.56144,-9.00075,1.36958,-0.87716
5.68562,-8.99698,1.3501,-0.72016
5.80979,-8.99322,1.33061,-0.56316
5.93397,-8.98945,1.31113,-0.40616
6.05815,-8.98569,1.29164,-0.24916
6.17339,-8.98219,1.27356,-0.103467
6.16366,-8.98258,1.25133,-0.260467
6.15394,-8.98296,1.22909,-0.417467
6.14421,-8.98335,1.20686,-0.574467
6.13449,-8.98373,1.18462,-0.731467
6.12476,-8.98411,1.16239,-0.888467
6.11504,-8.9845,1.14015,-1.04547
6.10531,-8.98488,1.11791,-1.20247
6.09559,-8.98527,1.09568,-1.35947
6.08586,-8.98565,1.07344,-1.51647
6.07614,-8.98604,1.05121,-1.67347
6.06641,-8.98642,1.02897,-1.83047
6.05669,-8.9868,1.00674,-1.98747
6.04696,-8.98719,0.984501,-2.14447
6.03723,-8.98757,0.962265,-2.30147
6.02751,-8.98796,0.94003,-2.45847
6.01778,-8.98834,0.917794,-2.61547
6.00806,-8.98873,0.895559,-2.77247
5.99833,-8.98911,0.873323,-2.92947
5.99248,-8.98934,0.859939,-3.02397
5.87162,-9.04059,0.932503,-2.9285
5.75075,-9.09184,1.00507,-2.83304
5.62989,-9.14309,1.07763,-2.73757
5.50902,-9.19433,1.15019,-2.64211
5.38816,-9.24558,1.22276,-2.54665
5.2673,-9.29683,1.29532,-2.45118
5.14643,-9.34808,1.36789,-2.35572
5.02557,-9.39933,1.44045,-2.26025
4.9047,-9.45057,1.51301,-2.16479
4.78384,-9.50182,1.58558,-2.06932
4.63454,-9.51618,1.58725,-2.1827
4.48523,-9.53053,1.58892,-2.29608
4.33593,-9.54489,1.5906,-2.40946
4.18663,-9.55924,1.59227,-2.52284
4.03733,-9.5736,1.59394,-2.63622
3.88803,-9.58796,1.59562,-2.7496
3.73872,-9.60231,1.59729,-2.86298
3.58942,-9.61667,1.59896,-2.97636
3.44012,-9.63102,1.60063,-3.08974
3.29082,-9.64538,1.60231,3.08007
3.21526,-9.64551,1.60425,2.92307
3.1397,-9.64565,1.6062,2.76607
3.06414,-9.64578,1.60814,2.60907
2.98858,-9.64592,1.61009,2.45207
2.91302,-9.64605,1.61203,2.29507
2.83747,-9.64619,1.61398,2.13807
2.76191,-9.64632,1.61592,1.98107
2.68635,-9.64646,1.61787,1.82407
2.61079,-9.64659,1.61981,1.66707
2.53523,-9.64673,1.62175,1.51007
2.45967,-9.64686,1.6237,1.35307
2.38411,-9.647,1.62564,1.19607
2.30855,-9.64713,1.62759,1.03907
2.233,-9.64727,1.62953,0.882067
2.15744,-9.6474,1.63148,0.725067
2.08188,-9.64754,1.63342,0.568067
2.00632,-9.64767,1.63537,0.411067
1.93076,-9.64781,1.63731,0.254067
1.8552,-9.64794,1.63926,0.0970666
1.79132,-9.64806,1.6409,-0.0356775
1.6798,-9.60009,1.55279,-0.0776281
1.56829,-9.55213,1.46467,-0.119579
1.45677,-9.50417,1.37656,-0.161529
1.34526,-9.45621,1.28844,-0.20348
1.23374,-9.40825,1.20033,-0.245431
1.12223,-9.36029,1.11222,-0.287381
1.01071,-9.31233,1.0241,-0.329332
0.929406,-9.27736,0.959857,-0.359918
0.827362,-9.27941,0.95573,-0.516918
0.725318,-9.28146,0.951603,-0.673918
0.623274,-9.28352,0.947477,-0.830918
0.52123,-9.28557,0.94335,-0.987918
0.419185,-9.28762,0.939223,-1.14492
0.317141,-9.28968,0.935096,-1.30192
0.215097,-9.29173,0.930969,-1.45892
0.113053,-9.29378,0.926842,-1.61592
0.0110086,-9.29584,0.922715,-1.77292
-0.0910356,-9.29789,0.918589,-1.92992
-0.19308,-9.29994,0.914462,-2.08692
-0.295124,-9.302,0.910335,-2.24392
-0.397168,-9.30405,0.906208,-2.40092
-0.499212,-9.3061,0.902081,-2.55792
-0.569066,-9.30751,0.899256,-2.66539
-0.585535,-9.20063,0.885375,-2.82239
-0.602004,-9.09374,0.871493,-2.97939
-0.618473,-8.98686,0.857611,-3.13639
-0.634943,-8.87997,0.84373,2.98979
-0.64283,-8.82879,0.837082,2.91461
-0.699602,-8.81817,0.957779,3.07161
-0.756374,-8.80756,1.07848,-3.05457
-0.813146,-8.79695,1.19917,-2.89757
-0.869918,-8.78633,1.31987,-2.74057
-0.92669,-8.77572,1.44057,-2.58357
-0.940368,-8.77316,1.46965,-2.54575
-1.08519,-8.81118,1.46062,-2.66038
-1.23001,-8.84919,1.45159,-2.77501
-1.37483,-8.88721,1.44257,-2.88964
-1.51965,-8.92523,1.43354,-3.00427
-1.66447,-8.96325,1.42452,-3.1189
-1.8093,-9.00126,1.41549,3.04966
-1.95412,-9.03928,1.40646,2.93503
-2.09894,-9.0773,1.39744,2.8204
-2.24376,-9.11532,1.38841,2.70577
-2.38858,-9.15333,1.37938,2.59114
-2.38858,-9.15333,1.37938,2.59114
-2.46309,-9.14468,1.37357,2.43414
-2.5376,-9.13603,1.36775,2.27714
-2.61211,-9.12739,1.36194,2.12014
-2.68662,-9.11874,1.35612,1.96314
-2.76113,-9.11009,1.3503,1.80614
-2.83563,-9.10144,1.34449,1.64914
-2.91014,-9.09279,1.33867,1.49214
-2.98465,-9.08414,1.33286,1.33514
-3.05916,-9.07549,1.32704,1.17814
-3.13367,-9.06684,1.32122,1.02114
-3.20818,-9.05819,1.31541,0.864144
-3.28269,-9.04954,1.30959,0.707144
-3.3572,-9.04089,1.30377,0.550144
-3.43171,-9.03224,1.29796,0.393144
-3.50622,-9.02359,1.29214,0.236144
-3.58072,-9.01494,1.28633,0.0791443
-3.65523,-9.0063,1.28051,-0.0778557
-3.72974,-8.99765,1.27469,-0.234856
-3.80425,-8.989,1.26888,-0.391856
-3.87412,-8.98089,1.26342,-0.539072
-3.90935,-8.83517,1.25852,-0.424535
-3.94459,-8.68945,1.25361,-0.309998
-3.97982,-8.54372,1.24871,-0.195461
-4.01505,-8.398,1.2438,-0.0809239
-4.05029,-8.25228,1.2389,0.0336132
-4.08552,-8.10656,1.23399,0.14815
-4.12076,-7.96084,1.22908,0.262687
-4.15599,-7.81512,1.22418,0.377224
-4.19123,-7.6694,1.21927,0.491761
-4.22646,-7.52368,1.21437,0.606298
-4.22646,-7.52368,1.21437,0.606298
-4.24785,-7.37538,1.22129,0.567739
-4.26924,-7.22707,1.22822,0.52918
-4.29063,-7.07876,1.23514,0.490621
-4.31202,-6.93046,1.24207,0.452062
-4.33341,-6.78215,1.24899,0.413504
-4.3548,-6.63385,1.25591,0.374945
-4.3762,-6.48554,1.26284,0.336386
-4.39759,-6.33724,1.26976,0.297827
-4.41898,-6.18893,1.27669,0.259268
-4.44037,-6.04063,1.28361,0.220709
-4.44037,-6.04063,1.28361,0.220709
-4.5042,-6.00576,1.25898,0.377709
-4.56804,-5.9709,1.23435,0.534709
-4.63188,-5.93603,1.20972,0.691709
-4.69571,-5.90117,1.18509,0.848709
-4.75955,-5.8663,1.16046,1.00571
-4.82339,-5.83144,1.13583,1.16271
-4.88722,-5.79658,1.1112,1.31971
-4.95106,-5.76171,1.08657,1.47671
-5.0149,-5.72685,1.06194,1.63371
-5.07873,-5.69198,1.03731,1.79071
-5.14257,-5.65712,1.01268,1.94771
-5.20641,-5.62225,0.988054,2.10471
-5.27025,-5.58739,0.963424,2.26171
-5.33408,-5.55252,0.938794,2.41871
-5.39792,-5.51766,0.914164,2.57571
-5.46176,-5.4828,0.889534,2.73271
-5.52559,-5.44793,0.864904,2.88971
-5.58943,-5.41307,0.840274,3.04671
-5.60389,-5.40517,0.834695,3.08227
-5.47829,-5.48672,0.8434,-3.08819
-5.3527,-5.56826,0.852104,-2.97546
-5.2271,-5.64981,0.860809,-2.86274
-5.1015,-5.73136,0.869513,-2.75001
-4.97591,-5.8129,0.878218,-2.63729
-4.85031,-5.89445,0.886923,-2.52456
-4.72472,-5.97599,0.895627,-2.41184
-4.59912,-6.05754,0.904332,-2.29911
-4.47352,-6.13909,0.913037,-2.18638
-4.34793,-6.22063,0.921741,-2.07366
-4.48308,-6.281,0.897466,-1.96783
-4.61824,-6.34137,0.87319,-1.86199
-4.75339,-6.40173,0.848915,-1.75616
-4.88854,-6.4621,0.82464,-1.65033
-5.0237,-6.52247,0.800364,-1.5445
-5.13708,-6.57311,0.78,-1.45572
-5.24899,-6.67201,0.793925,-1.48334
-5.3609,-6.77092,0.807851,-1.51096
-5.47281,-6.86982,0.821777,-1.53858
-5.58472,-6.96873,0.835702,-1.5662
-5.69663,-7.06763,0.849628,-1.59382
-5.80854,-7.16653,0.863554,-1.62144
-5.92045,-7.26544,0.877479,-1.64906
-6.03236,-7.36434,0.891405,-1.67669
-6.14427,-7.46325,0.90533,-1.70431
-6.25618,-7.56215,0.919256,-1.73193
-6.33581,-7.52304,0.798303,-1.85026
-6.36612,-7.50816,0.752271,-1.89529
-6.23677,-7.46064,0.750468,-2.05229
-6.10743,-7.41313,0.748665,-2.20929
-5.97808,-7.36562,0.746862,-2.36629
-5.84874,-7.31811,0.745059,-2.52329
-5.7194,-7.2706,0.743256,-2.68029
-5.59005,-7.22308,0.741453,-2.83729
-5.46071,-7.17557,0.73965,-2.99429
-5.33136,-7.12806,0.737847,3.1319
-5.20202,-7.08055,0.736044,2.9749
-5.07268,-7.03304,0.734241,2.8179
-4.95822,-6.99099,0.732645,2.67897
-4.88394,-6.95251,0.74155,2.83597
-4.80965,-6.91402,0.750455,2.99297
-4.73536,-6.87553,0.759359,-3.13321
-4.66108,-6.83704,0.768264,-2.97621
-4.58679,-6.79855,0.777169,-2.81921
-4.51251,-6.76006,0.786074,-2.66221
-4.43822,-6.72157,0.794979,-2.50521
-4.36393,-6.68308,0.803883,-2.34821
-4.28965,-6.64459,0.812788,-2.19121
-4.21536,-6.6061,0.821693,-2.03421
-4.14108,-6.56761,0.830598,-1.87721
-4.06679,-6.52912,0.839502,-1.72021
-3.9925,-6.49063,0.848407,-1.56321
-3.91822,-6.45214,0.857312,-1.40621
-3.84393,-6.41365,0.866217,-1.24921
-3.76965,-6.37516,0.875122,-1.09221
-3.69536,-6.33667,0.884026,-0.935214
-3.63386,-6.3048,0.891398,-0.805236
-3.60427,-6.15805,0.900703,-0.696199
-3.57468,-6.01129,0.910007,-0.587162
-3.5451,-5.86453,0.919311,-0.478125
-3.51551,-5.71777,0.928615,-0.369088
-3.48592,-5.57101,0.93792,-0.26005
-3.45633,-5.42425,0.947224,-0.151013
-3.42674,-5.2775,0.956528,-0.0419761
-3.39716,-5.13074,0.965832,0.0670611
-3.36757,-4.98398,0.975137,0.176098
-3.33798,-4.83722,0.984441,0.285135
-3.23105,-4.82759,0.991038,0.128135
-3.12413,-4.81796,0.997635,-0.0288646
-3.0172,-4.80832,1.00423,-0.185865
-2.91028,-4.79869,1.01083,-0.342865
-2.80335,-4.78906,1.01743,-0.499865
-2.69642,-4.77942,1.02402,-0.656865
-2.5895,-4.76979,1.03062,-0.813865
-2.48257,-4.76016,1.03722,-0.970865
-2.37564,-4.75053,1.04381,-1.12786
-2.26872,-4.74089,1.05041,-1.28486
-2.16179,-4.73126,1.05701,-1.44186
-2.05486,-4.72163,1.06361,-1.59886
-1.94794,-4.71199,1.0702,-1.75586
-1.84684,-4.70289,1.07644,-1.9043
-1.8434,-4.85275,1.08187,-1.77362
-1.83995,-5.00261,1.0873,-1.64295
-1.83651,-5.15247,1.09273,-1.51228
-1.83306,-5.30234,1.09817,-1.38161
-1.82962,-5.4522,1.1036,-1.25094
-1.82617,-5.60206,1.10903,-1.12026
-1.82272,-5.75192,1.11446,-0.989591
-1.81928,-5.90178,1.11989,-0.858919
-1.81583,-6.05165,1.12532,-0.728247
-1.81239,-6.20151,1.13075,-0.597574
-1.72442,-6.22273,1.13454,-0.440574
-1.63645,-6.24396,1.13832,-0.283574
-1.54848,-6.26518,1.14211,-0.126574
-1.46051,-6.28641,1.14589,0.0304256
-1.37254,-6.30763,1.14967,0.187426
-1.28457,-6.32886,1.15346,0.344426
-1.1966,-6.35008,1.15724,0.501426
-1.10863,-6.37131,1.16102,0.658426
-1.02066,-6.39253,1.16481,0.815426
-0.932688,-6.41375,1.16859,0.972426
-0.844718,-6.43498,1.17237,1.12943
-0.756748,-6.4562,1.17616,1.28643
-0.668778,-6.47743,1.17994,1.44343
-0.580808,-6.49865,1.18373,1.60043
-0.492838,-6.51988,1.18751,1.75743
-0.404868,-6.5411,1.19129,1.91443
-0.355502,-6.55301,1.19342,2.00253
-0.233765,-6.4657,1.20097,2.03173
-0.112028,-6.37839,1.20851,2.06092
0.0097086,-6.29108,1.21606,2.09012
0.131445,-6.20377,1.22361,2.11932
0.253182,-6.11646,1.23116,2.14851
0.374919,-6.02915,1.23871,2.17771
0.496656,-5.94184,1.24626,2.20691
0.618393,-5.85453,1.25381,2.2361
0.74013,-5.76722,1.26135,2.2653
0.861867,-5.67991,1.2689,2.2945
0.861867,-5.67991,1.2689,2.2945
0.958404,-5.56527,1.27522,2.342
1.05494,-5.45064,1.28154,2.38951
1.15148,-5.33601,1.28786,2.43702
1.24801,-5.22138,1.29418,2.48453
1.34455,-5.10674,1.3005,2.53203
1.44109,-4.99211,1.30682,2.57954
1.53763,-4.87748,1.31314,2.62705
1.63416,-4.76284,1.31947,2.67455
1.7307,-4.64821,1.32579,2.72206
1.82724,-4.53358,1.33211,2.76957
1.81994,-4.38392,1.33911,2.67566
1.81264,-4.23426,1.34611,2.58175
1.80534,-4.0846,1.35311,2.48784
1.79804,-3.93494,1.36011,2.39394
1.79074,-3.78529,1.36711,2.30003
1.78345,-3.63563,1.37411,2.20612
1.77615,-3.48597,1.38111,2.11221
1.76885,-3.33631,1.38812,2.0183
1.76155,-3.18665,1.39512,1.92439
1.75425,-3.03699,1.40212,1.83049
1.78093,-2.96391,1.40454,1.98749
1.8076,-2.89083,1.40697,2.14449
1.83427,-2.81775,1.4094,2.30149
1.86094,-2.74467,1.41182,2.45849
1.88762,-2.67158,1.41425,2.61549
1.91429,-2.5985,1.41668,2.77249
1.94096,-2.52542,1.4191,2.92949
1.96763,-2.45234,1.42153,3.08649
1.99431,-2.37926,1.42396,-3.0397
2.02098,-2.30618,1.42638,-2.8827
2.04765,-2.23309,1.42881,-2.7257
2.07432,-2.16001,1.43123,-2.5687
2.101,-2.08693,1.43366,-2.4117
2.12767,-2.01385,1.43609,-2.2547
2.15434,-1.94077,1.43851,-2.0977
2.18101,-1.86769,1.44094,-1.9407
2.20769,-1.7946,1.44337,-1.7837
2.23436,-1.72152,1.44579,-1.6267
2.26103,-1.64844,1.44822,-1.4697
2.26828,-1.62859,1.44888,-1.42706
2.16817,-1.64128,1.45297,-1.27006
2.06806,-1.65398,1.45705,-1.11306
1.96795,-1.66667,1.46114,-0.956057
1.86785,-1.67937,1.46522,-0.799057
1.76774,-1.69206,1.46931,-0.642057
1.66763,-1.70475,1.4734,-0.485057
1.56753,-1.71745,1.47748,-0.328057
1.46742,-1.73014,1.48157,-0.171057
1.36731,-1.74283,1.48566,-0.0140566
1.26721,-1.75553,1.48974,0.142943
1.1671,-1.76822,1.49383,0.299943
1.06699,-1.78091,1.49792,0.456943
0.966887,-1.79361,1.502,0.613943
0.86678,-1.8063,1.50609,0.770943
0.781409,-1.81713,1.50957,0.904832
0.689287,-1.85453,1.5139,1.06183
0.597165,-1.89194,1.51822,1.21883
0.505043,-1.92935,1.52255,1.37583
0.412921,-1.96676,1.52688,1.53283
0.320799,-2.00417,1.5312,1.68983
0.228677,-2.04157,1.53553,1.84683
0.136555,-2.07898,1.53985,2.00383
0.0444325,-2.11639,1.54418,2.16083
-0.0476896,-2.1538,1.5485,2.31783
-0.139812,-2.19121,1.55283,2.47483
-0.231934,-2.22861,1.55715,2.63183
-0.324056,-2.26602,1.56148,2.78883
-0.416178,-2.30343,1.56581,2.94583
-0.5083,-2.34084,1.57013,3.10283
-0.600422,-2.37825,1.57446,-3.02335
-0.607065,-2.38094,1.57477,-3.01203
-0.749054,-2.333,1.56843,-2.9324
-0.891044,-2.28505,1.56209,-2.85276
-1.03303,-2.23711,1.55574,-2.77312
-1.17502,-2.18916,1.5494,-2.69349
-1.31701,-2.14122,1.54306,-2.61385
-1.459,-2.09327,1.53672,-2.53421
-1.60099,-2.04533,1.53038,-2.45458
-1.74298,-1.99738,1.52404,-2.37494
-1.88497,-1.94944,1.5177,-2.2953
-2.02696,-1.90149,1.51135,-2.21567
-1.95496,-1.79239,1.58493,-2.35447
-1.88297,-1.68329,1.65851,-2.49328
-1.81097,-1.57419,1.73209,-2.63208
-1.73897,-1.46509,1.80566,-2.77089
-1.73138,-1.45358,1.81343,-2.78553
-1.69893,-1.30724,1.8076,-2.76537
-1.66648,-1.16091,1.80177,-2.74521
-1.63403,-1.01458,1.79593,-2.72504
-1.60158,-0.868249,1.7901,-2.70488
-1.56913,-0.721917,1.78427,-2.68471
-1.53668,-0.575586,1.77844,-2.66455
-1.50423,-0.429254,1.77261,-2.64438
-1.47178,-0.282922,1.76677,-2.62422
-1.43933,-0.13659,1.76094,-2.60405
-1.40688,0.00974169,1.75511,-2.58389
-1.40688,0.00974169,1.75511,-2.58389
-1.28514,0.0973548,1.75344,-2.62199
-1.16339,0.184968,1.75178,-2.66009
-1.04165,0.272581,1.75011,-2.69819
-0.919909,0.360194,1.74845,-2.73629
-0.798167,0.447807,1.74678,-2.77439
-0.676425,0.53542,1.74511,-2.81249
-0.554683,0.623033,1.74345,-2.85059
-0.43294,0.710646,1.74178,-2.88869
-0.311198,0.798259,1.74011,-2.92679
-0.189456,0.885872,1.73845,-2.96489
-0.189456,0.885872,1.73845,-2.96489
-0.157237,0.960798,1.73884,-3.12189
-0.125018,1.03572,1.73924,3.00429
-0.0927992,1.11065,1.73963,2.84729
-0.0605803,1.18558,1.74003,2.69029
-0.0283613,1.2605,1.74043,2.53329
0.00385761,1.33543,1.74082,2.37629
0.0360765,1.41035,1.74122,2.21929
0.0682955,1.48528,1.74161,2.06229
0.100514,1.5602,1.74201,1.90529
0.132733,1.63513,1.7424,1.74829
0.164952,1.71006,1.7428,1.59129
0.197171,1.78498,1.74319,1.43429
0.22939,1.85991,1.74359,1.27729
0.261609,1.93483,1.74399,1.12029
0.293828,2.00976,1.74438,0.963292
0.326047,2.08468,1.74478,0.806292
0.358266,2.15961,1.74517,0.649292
0.390485,2.23454,1.74557,0.492292
0.403092,2.26385,1.74572,0.430858
0.465693,2.31905,1.73931,0.587858
0.528294,2.37425,1.73289,0.744858
0.590895,2.42945,1.72647,0.901858
0.653496,2.48465,1.72005,1.05886
0.716096,2.53986,1.71364,1.21586
0.778697,2.59506,1.70722,1.37286
0.841298,2.65026,1.7008,1.52986
0.903899,2.70546,1.69439,1.68686
0.9665,2.76066,1.68797,1.84386
1.0291,2.81586,1.68155,2.00086
1.0917,2.87106,1.67514,2.15786
1.1543,2.92626,1.66872,2.31486
1.2169,2.98146,1.6623,2.47186
1.2795,3.03666,1.65588,2.62886
1.34211,3.09186,1.64947,2.78586
1.40471,3.14706,1.64305,2.94286
1.46731,3.20226,1.63663,3.09986
1.52486,3.253,1.63073,-3.03899
1.6082,3.27926,1.63168,3.08719
1.69155,3.30552,1.63263,2.93019
1.77489,3.33177,1.63358,2.77319
1.85823,3.35803,1.63453,2.61619
1.94158,3.38428,1.63547,2.45919
2.02492,3.41054,1.63642,2.30219
2.10826,3.43679,1.63737,2.14519
2.19161,3.46305,1.63832,1.98819
2.27495,3.48931,1.63926,1.83119
2.3583,3.51556,1.64021,1.67419
2.44164,3.54182,1.64116,1.51719
2.52498,3.56807,1.64211,1.36019
2.60833,3.59433,1.64306,1.20319
2.69167,3.62058,1.644,1.04619
2.77502,3.64684,1.64495,0.889194
2.85836,3.6731,1.6459,0.732194
2.9417,3.69935,1.64685,0.575194
2.95546,3.70369,1.647,0.549279
2.97258,3.85136,1.62702,0.417177
2.9897,3.99903,1.60703,0.285075
3.00683,4.14671,1.58705,0.152972
3.02395,4.29438,1.56706,0.0208701
3.04107,4.44205,1.54708,-0.111232
3.05819,4.58973,1.52709,-0.243334
3.07532,4.7374,1.50711,-0.375437
3.09244,4.88507,1.48713,-0.507539
3.10956,5.03275,1.46714,-0.639641
3.12668,5.18042,1.44716,-0.771743
3.12668,5.18042,1.44716,-0.771743
3.03699,5.29802,1.42213,-0.659646
2.94731,5.41562,1.3971,-0.547548
2.85762,5.53321,1.37207,-0.435451
2.76793,5.65081,1.34704,-0.323353
2.67824,5.76841,1.32201,-0.211256
2.58855,5.88601,1.29698,-0.0991582
2.49886,6.00361,1.27195,0.0129393
2.40917,6.12121,1.24692,0.125037
2.31948,6.2388,1.22189,0.237134
2.22979,6.3564,1.19686,0.349232
2.22979,6.3564,1.19686,0.349232
2.3439,6.45335,1.18785,0.461887
2.45801,6.55029,1.17884,0.574543
2.57211,6.64724,1.16983,0.687199
2.68622,6.74418,1.16081,0.799854
2.80033,6.84112,1.1518,0.91251
2.91444,6.93807,1.14279,1.02517
3.02855,7.03501,1.13378,1.13782
3.14265,7.13196,1.12476,1.25048
3.25676,7.2289,1.11575,1.36313
3.37087,7.32584,1.10674,1.47579
3.37087,7.32584,1.10674,1.47579
3.43404,7.44591,1.17073,1.38687
3.4972,7.56597,1.23471,1.29795
3.56037,7.68604,1.2987,1.20904
3.62354,7.8061,1.36269,1.12012
3.6867,7.92617,1.42667,1.0312
3.74987,8.04623,1.49066,0.942284
3.81304,8.1663,1.55465,0.853367
3.87621,8.28636,1.61863,0.764449
3.93937,8.40643,1.68262,0.675532
4.00254,8.52649,1.74661,0.586615
4.00254,8.52649,1.74661,0.586615
3.85473,8.54666,1.73096,0.721207
3.70692,8.56683,1.71531,0.855799
3.5591,8.587,1.69966,0.990391
3.41129,8.60717,1.68402,1.12498
3.26348,8.62734,1.66837,1.25958
3.11567,8.64751,1.65272,1.39417
2.96786,8.66768,1.63707,1.52876
2.82004,8.68785,1.62143,1.66335
2.67223,8.70802,1.60578,1.79794
2.52442,8.72819,1.59013,1.93254
2.49792,8.80374,1.54138,2.08954
2.47141,8.87928,1.49263,2.24654
2.4449,8.95483,1.44387,2.40354
2.4184,9.03038,1.39512,2.56054
2.4105,9.0529,1.38059,2.60734
2.2617,9.06807,1.39194,2.73259
2.1129,9.08325,1.40329,2.85785
1.9641,9.09843,1.41465,2.9831
1.8153,9.1136,1.426,3.10835
1.66651,9.12878,1.43735,-3.04958
1.51771,9.14396,1.44871,-2.92433
1.36891,9.15913,1.46006,-2.79907
1.22011,9.17431,1.47141,-2.67382
1.07132,9.18948,1.48276,-2.54857
0.922517,9.20466,1.49412,-2.42331
0.900223,9.20416,1.47213,-2.26631
0.877928,9.20367,1.45015,-2.10931
0.855633,9.20317,1.42817,-1.95231
0.833338,9.20267,1.40619,-1.79531
0.811044,9.20217,1.38421,-1.63831
0.788749,9.20167,1.36223,-1.48131
0.774784,9.20136,1.34846,-1.38297
0.902453,9.12276,1.34375,-1.44979
1.03012,9.04416,1.33904,-1.51661
1.15779,8.96555,1.33434,-1.58342
1.28546,8.88695,1.32963,-1.65024
1.41313,8.80835,1.32493,-1.71706
1.5408,8.72974,1.32022,-1.78388
1.66847,8.65114,1.31552,-1.8507
1.79614,8.57254,1.31081,-1.91751
1.92381,8.49393,1.30611,-1.98433
2.05147,8.41533,1.3014,-2.05115
2.05147,8.41533,1.3014,-2.05115
2.10189,8.29473,1.29908,-1.89415
2.15231,8.17414,1.29676,-1.73715
2.20273,8.05355,1.29444,-1.58015
2.25315,7.93295,1.29213,-1.42315
2.30357,7.81236,1.28981,-1.26615
2.35398,7.69176,1.28749,-1.10915
2.4044,7.57117,1.28517,-0.95215
2.45482,7.45057,1.28285,-0.79515
2.50524,7.32998,1.28053,-0.63815
2.55566,7.20938,1.27821,-0.48115
2.60608,7.08879,1.2759,-0.32415
2.62997,7.03163,1.2748,-0.249736
2.6031,6.93332,1.27681,-0.406736
2.57623,6.835,1.27882,-0.563736
2.54936,6.73669,1.28083,-0.720736
2.52248,6.63838,1.28284,-0.877736
2.49561,6.54007,1.28485,-1.03474
2.46874,6.44176,1.28686,-1.19174
2.44186,6.34344,1.28887,-1.34874
2.41499,6.24513,1.29088,-1.50574
2.38812,6.14682,1.29289,-1.66274
2.36125,6.04851,1.2949,-1.81974
2.33437,5.9502,1.29691,-1.97674
2.3075,5.85188,1.29892,-2.13374
2.28063,5.75357,1.30093,-2.29074
2.25376,5.65526,1.30294,-2.44774
2.23455,5.58499,1.30438,-2.55996
2.31177,5.56103,1.28621,-2.71696
2.38899,5.53707,1.26803,-2.87396
2.46621,5.51311,1.24986,-3.03096
2.54343,5.48915,1.23169,3.09523
2.62065,5.46519,1.21352,2.93823
2.69786,5.44123,1.19535,2.78123
2.77508,5.41727,1.17718,2.62423
2.8523,5.39331,1.15901,2.46723
2.92952,5.36935,1.14083,2.31023
3.00674,5.34539,1.12266,2.15323
3.08396,5.32143,1.10449,1.99623
3.16118,5.29747,1.08632,1.83923
3.2384,5.27351,1.06815,1.68223
3.31562,5.24955,1.04998,1.52523
3.39284,5.22559,1.0318,1.36823
3.47006,5.20163,1.01363,1.21123
3.54728,5.17767,0.995461,1.05423
3.6245,5.15371,0.977289,0.89723
3.6323,5.15129,0.975454,0.881371
3.76324,5.07824,0.97962,0.741061
3.89419,5.00519,0.983787,0.600751
4.02513,4.93214,0.987954,0.460441
4.15608,4.85909,0.99212,0.320131
4.28702,4.78604,0.996287,0.17982
4.41797,4.71299,1.00045,0.0395102
4.54891,4.63994,1.00462,-0.1008
4.67986,4.5669,1.00879,-0.24111
4.8108,4.49385,1.01295,-0.38142
4.94175,4.4208,1.01712,-0.521731
5.0134,4.44733,1.03644,-0.678731
5.08506,4.47387,1.05577,-0.835731
5.15671,4.5004,1.07509,-0.992731
5.22836,4.52694,1.09441,-1.14973
5.30002,4.55347,1.11374,-1.30673
5.37167,4.58001,1.13306,-1.46373
5.44333,4.60654,1.15238,-1.62073
5.51498,4.63308,1.17171,-1.77773
5.58664,4.65962,1.19103,-1.93473
5.65829,4.68615,1.21035,-2.09173
5.72994,4.71269,1.22968,-2.24873
5.8016,4.73922,1.249,-2.40573
5.87325,4.76576,1.26832,-2.56273
5.94491,4.79229,1.28765,-2.71973
6.01656,4.81883,1.30697,-2.87673
6.08822,4.84536,1.32629,-3.03373
6.15987,4.8719,1.34562,3.09245
6.23153,4.89843,1.36494,2.93545
6.30318,4.92497,1.38427,2.77845
6.30546,4.92581,1.38488,2.77346
6.34298,4.85223,1.3905,2.61646
6.3805,4.77864,1.39612,2.45946
6.41802,4.70506,1.40174,2.30246
6.45554,4.63148,1.40736,2.14546
6.49306,4.55789,1.41298,1.98846
6.53058,4.48431,1.4186,1.83146
6.5681,4.41073,1.42421,1.67446
6.60562,4.33714,1.42983,1.51746
6.64313,4.26356,1.43545,1.36046
6.68065,4.18998,1.44107,1.20346
6.71817,4.11639,1.44669,1.04646
6.75569,4.04281,1.45231,0.889462
6.79321,3.96923,1.45793,0.732462
6.83073,3.89564,1.46355,0.575462
6.86825,3.82206,1.46917,0.418462
6.90577,3.74847,1.47479,0.261462
6.94329,3.67489,1.48041,0.104462
6.98081,3.60131,1.48603,-0.0525378
6.98526,3.59258,1.48669,-0.0711556
7.05399,3.54523,1.48294,-0.228156
7.12272,3.49789,1.47918,-0.385156
7.19145,3.45054,1.47543,-0.542156
7.26018,3.40319,1.47167,-0.699156
7.32891,3.35585,1.46791,-0.856156
7.39765,3.3085,1.46416,-1.01316
7.46638,3.26115,1.4604,-1.17016
7.53511,3.2138,1.45665,-1.32716
7.60384,3.16646,1.45289,-1.48416
7.67257,3.11911,1.44913,-1.64116
7.7413,3.07176,1.44538,-1.79816
7.81003,3.02442,1.44162,-1.95516
7.87876,2.97707,1.43787,-2.11216
7.94749,2.92972,1.43411,-2.26916
8.01622,2.88237,1.43036,-2.42616
8.08495,2.83503,1.4266,-2.58316
8.15369,2.78768,1.42284,-2.74016
8.21928,2.74249,1.41926,-2.88999
8.24462,2.63693,1.42041,-2.73299
8.26996,2.53136,1.42156,-2.57599
8.29531,2.42579,1.4227,-2.41899
8.32065,2.32023,1.42385,-2.26199
8.34599,2.21466,1.425,-2.10499
8.37133,2.1091,1.42615,-1.94799
8.39668,2.00353,1.4273,-1.79099
8.42202,1.89796,1.42845,-1.63399
8.44736,1.7924,1.4296,-1.47699
8.4727,1.68683,1.43074,-1.31999
8.49805,1.58126,1.43189,-1.16299
8.52339,1.4757,1.43304,-1.00599
8.54873,1.37013,1.43419,-0.848991
8.5694,1.28402,1.43513,-0.72092
8.44199,1.20488,1.43306,-0.872375