-1.97793,4.88666,0.9797,1.64745,3.69992,-1.78987,4.73209,1.20132,3.00443,1
-0.940488,3.49599,1.17663,0.209775,1,-1.78987,4.73209,1.20132,3.00443,1
-2.01081,2.44512,1.18555,1.1815,1.44492,-0.940488,3.49599,1.17663,0.209775,1
-2.58271,1.05972,1.24566,2.68244,1.44492,-2.01081,2.44512,1.18555,1.1815,1.44492
0.247964,4.40197,1.30613,-0.165499,1,-0.940488,3.49599,1.17663,0.209775,1
1.7392,4.42321,1.46664,-2.19586,1.10835,0.247964,4.40197,1.30613,-0.165499,1
-0.0429904,5.63721,1.74092,-2.39987,1,0.247964,4.40197,1.30613,-0.165499,1
2.48215,3.12013,1.4652,-2.41038,1.18915,1.7392,4.42321,1.46664,-2.19586,1.10835
2.58395,1.62548,1.38996,-0.0742023,1.18915,2.48215,3.12013,1.4652,-2.41038,1.18915
-3.03927,5.90438,1.276,1.65714,4.35983,-1.97793,4.88666,0.9797,1.64745,3.69992
2.82874,5.45289,1.41514,-3.07304,1.10835,1.7392,4.42321,1.46664,-2.19586,1.10835
3.63932,0.55961,1.37957,1.95693,1.18915,2.58395,1.62548,1.38996,-0.0742023,1.18915
3.25694,-0.890613,1.35428,1.08167,1.18915,3.63932,0.55961,1.37957,1.95693,1.18915
2.78498,6.94822,1.525,-0.292838,1.10835,2.82874,5.45289,1.41514,-3.07304,1.10835
2.51778,8.20416,1.66776,-0.452918,1.10838,2.78498,6.94822,1.525,-0.292838,1.10835
