4.8636,5.19723,6.18781,-0.097401,1.35165,5.41157,8.14673,6.20039,-0.34245,1
2.71083,5.52727,8.25098,2.69918,1.35165,4.8636,5.19723,6.18781,-0.097401,1.35165
0.422677,6.08489,10.1093,-2.08675,1.35165,2.71083,5.52727,8.25098,2.69918,1.35165
-1.74461,6.13957,12.1829,-2.83147,1.35165,0.422677,6.08489,10.1093,-2.08675,1.35165
-3.57717,5.72682,9.84383,-1.88458,1.35165,-1.74461,6.13957,12.1829,-2.83147,1.35165
6.70096,7.37562,3.60368,2.22544,1,5.41157,8.14673,6.20039,-0.34245,1
-4.03823,3.25968,8.20046,-0.364108,1.35165,-3.57717,5.72682,9.84383,-1.88458,1.35165
-1.50075,3.54952,13.677,-0.516302,1.35165,-1.74461,6.13957,12.1829,-2.83147,1.35165
-0.629732,0.964952,14.9265,-1.47642,1.35165,-1.50075,3.54952,13.677,-0.516302,1.35165
0.740864,-0.141192,17.3551,-1.35454,1.35165,-0.629732,0.964952,14.9265,-1.47642,1.35165
-2.93242,-0.899667,15.3964,0.582505,1.35165,-0.629732,0.964952,14.9265,-1.47642,1.35165
6.14328,7.19808,0.661326,0.822126,1.52177,6.70096,7.37562,3.60368,2.22544,1
-4.65942,-2.77631,16.9762,0.362184,1.35165,-2.93242,-0.899667,15.3964,0.582505,1.35165
-2.75831,2.96602,5.50313,-1.69022,1.35165,-4.03823,3.25968,8.20046,-0.364108,1.35165
-1.04362,6.12817,8.90165,1.8728,1.35176,0.422677,6.08489,10.1093,-2.08675,1.35165
