-5.69344,2.27527,15.4392,1.46641,1.53194,-6.89068,1.09714,17.9249,3.03249,1
-3.3548,0.626988,14.537,0.65315,1.53194,-5.69344,2.27527,15.4392,1.46641,1.53194
-3.95231,4.5593,16.3062,2.33154,1.54907,-5.69344,2.27527,15.4392,1.46641,1.53194
-0.54639,-0.257676,13.9624,2.18479,1.53194,-3.3548,0.626988,14.537,0.65315,1.53194
-5.31304,-1.28475,13.308,2.88371,1.55745,-3.3548,0.626988,14.537,0.65315,1.53194
-5.60634,-0.411804,10.4528,-2.86467,1.58573,-5.31304,-1.28475,13.308,2.88371,1.55745
1.64118,-2.25107,14.4532,0.113551,1.53194,-0.54639,-0.257676,13.9624,2.18479,1.53194
4.41878,-1.38474,15.1843,1.40023,1.53194,1.64118,-2.25107,14.4532,0.113551,1.53194
-2.14458,2.31024,12.3686,2.92811,1.53194,-3.3548,0.626988,14.537,0.65315,1.53194
-0.553312,2.36692,9.82604,0.130479,1.5695,-2.14458,2.31024,12.3686,2.92811,1.53194
-2.41291,4.06791,18.8338,0.710906,1.54907,-3.95231,4.5593,16.3062,2.33154,1.54907
-3.59701,-2.53494,9.77835,1.24889,1.58642,-5.60634,-0.411804,10.4528,-2.86467,1.58573
-2.51074,-5.10859,8.68459,-1.33863,1.58643,-3.59701,-2.53494,9.77835,1.24889,1.58642
-4.35195,5.36318,20.7213,-1.95189,1.54907,-2.41291,4.06791,18.8338,0.710906,1.54907
1.37282,4.64833,10.1179,-2.77934,1.5695,-0.553312,2.36692,9.82604,0.130479,1.5695
