-5.84867,2.0858,11.3047,-1.44267,23.4969,-4.10583,4.23482,10.1453,2.9007,1
-6.13482,4.06197,11.0952,-2.00033,30.4929,-5.84867,2.0858,11.3047,-1.44267,23.4969
-5.73476,2.58839,14.2601,-1.62314,27.3118,-5.84867,2.0858,11.3047,-1.44267,23.4969
-6.31036,5.10442,11.5258,-0.210163,30.4929,-6.13482,4.06197,11.0952,-2.00033,30.4929
-2.89568,1.81077,14.8388,3.12498,27.398,-5.73476,2.58839,14.2601,-1.62314,27.3118
-2.70011,-1.14253,15.3285,-0.904445,27.7715,-2.89568,1.81077,14.8388,3.12498,27.398
-5.4297,-2.38721,15.34,-0.268316,27.8455,-2.70011,-1.14253,15.3285,-0.904445,27.7715
-0.288298,-1.26028,17.1087,0.730328,27.7955,-2.70011,-1.14253,15.3285,-0.904445,27.7715
-1.12963,4.26169,9.76909,0.149687,10.1537,-4.10583,4.23482,10.1453,2.9007,1
-7.00757,1.95356,13.3912,-0.759031,28.05,-5.73476,2.58839,14.2601,-1.62314,27.3118
-4.71623,-2.37672,18.2539,-2.00446,27.8825,-5.4297,-2.38721,15.34,-0.268316,27.8455
-0.951478,5.94995,7.29561,-1.36206,12.7327,-1.12963,4.26169,9.76909,0.149687,10.1537
1.7007,3.33532,9.40707,-0.00716332,12.1424,-1.12963,4.26169,9.76909,0.149687,10.1537
-0.270346,4.21922,8.32173,-1.51357,10.1745,-1.12963,4.26169,9.76909,0.149687,10.1537
-5.8145,5.12923,12.233,1.8251,32.0878,-6.31036,5.10442,11.5258,-0.210163,30.4929
