0.195943,6.31159,8.31152,-1.62566,1,1.24632,5.41327,8.89439,2.88109,1
1.49607,4.04263,9.45025,-0.559352,1,1.24632,5.41327,8.89439,2.88109,1
0.404699,6.7803,6.90201,-0.55183,1,0.195943,6.31159,8.31152,-1.62566,1
2.11681,2.69885,9.69301,0.0553316,1,1.49607,4.04263,9.45025,-0.559352,1
1.31153,2.17218,10.8437,-0.516665,1,2.11681,2.69885,9.69301,0.0553316,1
0.844904,4.20309,9.63504,-2.23306,1,1.49607,4.04263,9.45025,-0.559352,1
0.219091,3.84642,8.31931,-2.51971,1,0.844904,4.20309,9.63504,-2.23306,1
0.232914,2.49377,7.67113,2.04692,1,0.219091,3.84642,8.31931,-2.51971,1
-0.0630301,1.26837,6.85823,-2.10274,1,0.232914,2.49377,7.67113,2.04692,1
-0.0812302,1.80057,11.2586,1.2366,1,1.31153,2.17218,10.8437,-0.516665,1
0.652815,0.0215475,7.28601,0.667536,1,-0.0630301,1.26837,6.85823,-2.10274,1
0.115808,-0.81437,6.16224,-2.42794,1,0.652815,0.0215475,7.28601,0.667536,1
0.393528,1.88566,5.56962,2.55644,1,-0.0630301,1.26837,6.85823,-2.10274,1
1.00834,8.11252,7.23491,2.39829,1,0.404699,6.7803,6.90201,-0.55183,1
-1.22158,6.52215,8.75457,-0.844822,1,0.195943,6.31159,8.31152,-1.62566,1
-0.406836,1.79784,4.30404,0.025821,1,0.393528,1.88566,5.56962,2.55644,1
-0.00976858,-1.40962,4.79114,1.64933,1,0.115808,-0.81437,6.16224,-2.42794,1
0.132853,2.33643,5.08364,2.00158,1,0.393528,1.88566,5.56962,2.55644,1
-2.28476,7.31958,8.05904,2.92605,1,-1.22158,6.52215,8.75457,-0.844822,1
-0.561808,1.0239,8.25159,0.805922,1,-0.0630301,1.26837,6.85823,-2.10274,1
-1.21186,6.97242,10.1854,2.10786,1.00032,-1.22158,6.52215,8.75457,-0.844822,1
