-0.325603,-0.758901,5.10706,-2.12711,1.36986,-1.04704,0.536046,4.87761,-2.04264,1
-0.660873,-2.11157,4.5522,2.89294,1.6249,-0.325603,-0.758901,5.10706,-2.12711,1.36986
0.426922,-3.06625,4.94628,0.722817,1.90748,-0.660873,-2.11157,4.5522,2.89294,1.6249
0.245489,-4.04198,6.07101,-2.39675,2.21939,0.426922,-3.06625,4.94628,0.722817,1.90748
0.313318,-4.42293,7.52025,2.20798,2.21939,0.245489,-4.04198,6.07101,-2.39675,2.21939
0.356611,-4.60482,9.00855,-2.57857,2.21987,0.313318,-4.42293,7.52025,2.20798,2.21939
0.425532,-3.66828,10.1782,-0.566306,2.21987,0.356611,-4.60482,9.00855,-2.57857,2.21987
-1.70562,1.51069,3.94684,-2.92657,1,-1.04704,0.536046,4.87761,-2.04264,1
-0.283411,1.471,5.76797,-1.46202,1.30326,-1.04704,0.536046,4.87761,-2.04264,1
0.881055,-4.63965,11.2265,0.324262,2.21989,0.425532,-3.66828,10.1782,-0.566306,2.21987
-0.141855,-5.85163,7.48,-0.822552,2.30227,0.313318,-4.42293,7.52025,2.20798,2.21939
0.499119,2.15028,6.85251,2.02991,1.30326,-0.283411,1.471,5.76797,-1.46202,1.30326
0.0594959,2.93466,8.05312,2.84063,1.3236,0.499119,2.15028,6.85251,2.02991,1.30326
-2.03846,2.42567,2.80577,-2.37872,1,-1.70562,1.51069,3.94684,-2.92657,1
0.326168,3.14438,9.51426,2.94758,1.36263,0.0594959,2.93466,8.05312,2.84063,1.3236
