0.525172,0.385351,9.56708,-2.44493,10.2282,0.00234887,1.09341,10.7817,2.84707,1
1.4083,0.749745,8.41066,-1.35726,17.547,0.525172,0.385351,9.56708,-2.44493,10.2282
2.1887,1.69998,7.55157,-1.47389,18.6739,1.4083,0.749745,8.41066,-1.35726,17.547
-0.0905923,-0.267932,11.4047,1.12839,6.52385,0.00234887,1.09341,10.7817,2.84707,1
-0.733009,0.256979,8.76054,-1.72098,19.7663,0.525172,0.385351,9.56708,-2.44493,10.2282
-0.663096,-0.954424,7.87872,-1.91443,26.2431,-0.733009,0.256979,8.76054,-1.72098,19.7663
1.17247,2.27949,6.61272,2.319,18.6747,2.1887,1.69998,7.55157,-1.47389,18.6739
1.68265,3.58495,6.07842,2.06611,18.6747,1.17247,2.27949,6.61272,2.319,18.6747
0.699373,4.45914,6.79881,0.404338,18.6748,1.68265,3.58495,6.07842,2.06611,18.6747
0.185446,1.85649,5.56541,3.1336,18.7248,1.17247,2.27949,6.61272,2.319,18.6747
0.171455,5.35747,5.71978,2.36599,18.6748,0.699373,4.45914,6.79881,0.404338,18.6748
-0.551696,5.01994,7.40736,1.20666,18.675,0.699373,4.45914,6.79881,0.404338,18.6748
1.40289,-0.68065,10.153,-2.87949,13.993,0.525172,0.385351,9.56708,-2.44493,10.2282
0.346586,0.250698,8.69477,-0.473694,15.7753,0.525172,0.385351,9.56708,-2.44493,10.2282
-1.49774,-2.03401,8.5015,1.5022,26.4607,-0.663096,-0.954424,7.87872,-1.91443,26.2431
