-11.8288,-8.31011,1.4958,-2.29281,5.38288,-11.2076,-8.18326,2.68626,0.350523,2
-12.3077,-9.62042,2.04696,2.04193,6.74403,-11.8288,-8.31011,1.4958,-2.29281,5.38288
-9.9459,-7.37509,2.61666,2.2203,2.05291,-11.2076,-8.18326,2.68626,0.350523,2
-13.48,-8.81604,2.52523,-1.72253,6.77586,-12.3077,-9.62042,2.04696,2.04193,6.74403
-10.6067,-8.92301,0.878854,-2.49197,5.5446,-11.8288,-8.31011,1.4958,-2.29281,5.38288
-9.95885,-9.8248,1.88738,-3.11029,5.62645,-10.6067,-8.92301,0.878854,-2.49197,5.5446
-11.4693,-7.78569,2.48708,0.239914,2,-11.2076,-8.18326,2.68626,0.350523,2
-10.7991,-7.35526,0.968595,-1.92308,5.39443,-11.8288,-8.31011,1.4958,-2.29281,5.38288
-12.7095,-7.10815,1.32354,-0.585106,5.76022,-11.8288,-8.31011,1.4958,-2.29281,5.38288
-14.8432,-8.23549,2.29168,0.273023,6.77715,-13.48,-8.81604,2.52523,-1.72253,6.77586
-12.8048,-5.6285,1.55058,-1.68623,5.77841,-12.7095,-7.10815,1.32354,-0.585106,5.76022
-12.4839,-4.2375,2.01118,-2.58865,5.78228,-12.8048,-5.6285,1.55058,-1.68623,5.77841
-11.3031,-3.32673,2.17342,1.66291,5.83098,-12.4839,-4.2375,2.01118,-2.58865,5.78228
-11.2776,-1.86724,2.5187,1.89694,5.86808,-11.3031,-3.32673,2.17342,1.66291,5.83098
-11.0789,-0.406753,2.7971,0.326216,5.91046,-11.2776,-1.86724,2.5187,1.89694,5.86808
-12.4076,0.289046,2.81667,-2.34477,5.91056,-11.0789,-0.406753,2.7971,0.326216,5.91046
-13.361,1.38534,2.44351,0.0449672,5.91745,-12.4076,0.289046,2.81667,-2.34477,5.91056
-9.59088,-0.219858,2.76737,-1.82663,5.91123,-11.0789,-0.406753,2.7971,0.326216,5.91046
-10.459,0.475892,2.64909,-0.927033,5.91195,-11.0789,-0.406753,2.7971,0.326216,5.91046
-8.81048,0.323,2.80322,-0.695119,5.91123,-9.59088,-0.219858,2.76737,-1.82663,5.91123
-13.0056,-7.8505,1.69676,2.50057,5.76022,-12.7095,-7.10815,1.32354,-0.585106,5.76022
-11.6349,-1.3032,1.1755,2.11832,5.86934,-11.2776,-1.86724,2.5187,1.89694,5.86808
-11.9891,-1.77099,0.777638,0.78774,5.87014,-11.6349,-1.3032,1.1755,2.11832,5.86934
-8.52958,1.76637,2.50693,-0.879884,5.91129,-8.81048,0.323,2.80322,-0.695119,5.91123
-12.8507,-7.43391,2.15407,-1.26958,5.76022,-13.0056,-7.8505,1.69676,2.50057,5.76022
-10.5892,-0.439745,0.534427,-0.696599,5.87086,-11.6349,-1.3032,1.1755,2.11832,5.86934
-12.7191,-0.734723,3.86779,0.518441,5.93555,-12.4076,0.289046,2.81667,-2.34477,5.91056
-11.6653,-1.29438,4.77673,2.36332,5.9376,-12.7191,-0.734723,3.86779,0.518441,5.93555
-11.2838,-0.746782,1.4352,-2.52466,5.86934,-11.6349,-1.3032,1.1755,2.11832,5.86934
-15.4744,-8.66728,3.58213,-0.236082,6.81814,-14.8432,-8.23549,2.29168,0.273023,6.77715
