11.7304,-2.22167,4.61705,1.28209,3.73453,11.5368,-1.52802,3.30124,2.09479,2
13.1911,-2.3061,4.28622,-0.339759,4.90552,11.7304,-2.22167,4.61705,1.28209,3.73453
14.4442,-1.57458,3.90616,0.610062,6.90895,13.1911,-2.3061,4.28622,-0.339759,4.90552
15.2278,-1.55924,4.3128,1.09496,7.98749,14.4442,-1.57458,3.90616,0.610062,6.90895
15.9502,-0.244876,4.2876,0.992827,8.77692,15.2278,-1.55924,4.3128,1.09496,7.98749
14.6708,0.514599,4.09659,3.02748,8.8356,15.9502,-0.244876,4.2876,0.992827,8.77692
10.4266,-2.90195,4.32164,1.59381,4.66097,11.7304,-2.22167,4.61705,1.28209,3.73453
8.97787,-2.64031,4.03413,-2.457,4.71999,10.4266,-2.90195,4.32164,1.59381,4.66097
7.7543,-3.31661,3.49053,-2.81789,4.81518,8.97787,-2.64031,4.03413,-2.457,4.71999
6.28167,-3.06823,3.35026,1.61799,4.81556,7.7543,-3.31661,3.49053,-2.81789,4.81518
6.34638,-2.16811,2.15209,-2.91719,4.82009,6.28167,-3.06823,3.35026,1.61799,4.81556
17.4121,-0.315558,3.95933,1.9511,9.0794,15.9502,-0.244876,4.2876,0.992827,8.77692
11.0607,-0.18373,3.76625,-0.380617,2,11.5368,-1.52802,3.30124,2.09479,2
13.9699,1.77816,3.69389,1.93056,8.8356,14.6708,0.514599,4.09659,3.02748,8.8356
10.4815,1.1973,3.68054,-2.82621,2,11.0607,-0.18373,3.76625,-0.380617,2
14.52,-2.49984,2.72796,-0.916264,7.26064,14.4442,-1.57458,3.90616,0.610062,6.90895
16.2441,-2.66149,4.35935,0.264989,8.48773,15.2278,-1.55924,4.3128,1.09496,7.98749
10.6982,2.29752,2.68425,-0.0871284,2.15009,10.4815,1.1973,3.68054,-2.82621,2
5.1748,-2.83028,1.48958,-1.71174,4.82009,6.34638,-2.16811,2.15209,-2.91719,4.82009
3.68851,-2.64848,1.40065,1.34224,4.82009,5.1748,-2.83028,1.48958,-1.71174,4.82009
2.33629,-2.01222,1.52972,1.47815,4.82009,3.68851,-2.64848,1.40065,1.34224,4.82009
0.88278,-2.32479,1.72877,0.613136,4.8201,2.33629,-2.01222,1.52972,1.47815,4.82009
-0.559848,-2.63136,2.00234,-1.70988,4.8201,0.88278,-2.32479,1.72877,0.613136,4.8201
-1.11379,-1.35085,2.5532,-1.32532,4.82011,-0.559848,-2.63136,2.00234,-1.70988,4.8201
3.42278,-4.12297,1.32808,-2.10552,4.82009,3.68851,-2.64848,1.40065,1.34224,4.82009
-1.30497,0.100191,2.22466,2.30072,4.82011,-1.11379,-1.35085,2.5532,-1.32532,4.82011
7.51169,-1.8028,1.28112,-2.96577,4.82009,6.34638,-2.16811,2.15209,-2.91719,4.82009
-0.326688,1.14597,2.67109,2.34023,4.82011,-1.30497,0.100191,2.22466,2.30072,4.82011
6.98409,-1.61447,1.32784,1.65544,4.82038,7.51169,-1.8028,1.28112,-2.96577,4.82009
-1.2621,-3.14261,3.22523,-1.36446,4.8201,-0.559848,-2.63136,2.00234,-1.70988,4.8201
