-4.14432,7.18434,3.13684,0.891613,2.31191,-4.03163,7.16298,2.45832,1.04989,2
-3.62887,8.35288,3.92349,-1.463,2.93875,-4.14432,7.18434,3.13684,0.891613,2.31191
-4.63873,5.7688,3.1792,-2.8094,2.31191,-4.14432,7.18434,3.13684,0.891613,2.31191
-3.54016,4.78375,2.9093,0.143833,2.31191,-4.63873,5.7688,3.1792,-2.8094,2.31191
-4.42859,3.5869,3.07741,-2.23099,2.31191,-3.54016,4.78375,2.9093,0.143833,2.31191
-5.4079,3.14621,4.12466,2.32544,2.31191,-4.42859,3.5869,3.07741,-2.23099,2.31191
-5.83304,4.49172,4.63345,1.23034,2.33685,-5.4079,3.14621,4.12466,2.32544,2.31191
-6.96505,4.49664,3.64931,1.24871,2.33956,-5.83304,4.49172,4.63345,1.23034,2.33685
-4.31866,6.22894,2.7883,2.71452,2.31191,-4.63873,5.7688,3.1792,-2.8094,2.31191
-5.2871,3.48223,1.85185,-2.0247,2.31191,-4.42859,3.5869,3.07741,-2.23099,2.31191
-5.52947,5.33134,4.72124,0.438638,2.38266,-5.83304,4.49172,4.63345,1.23034,2.33685
-3.26384,3.21456,3.94616,-0.0789338,2.31191,-4.42859,3.5869,3.07741,-2.23099,2.31191
-4.41785,6.16677,5.02019,-2.1243,2.38266,-5.52947,5.33134,4.72124,0.438638,2.38266
-5.18412,7.7592,1.7058,1.32026,2,-4.03163,7.16298,2.45832,1.04989,2
-5.47063,7.22777,5.14646,1.2244,2.38434,-4.41785,6.16677,5.02019,-2.1243,2.38266
-3.76058,5.12996,1.5917,-0.760569,2.3246,-3.54016,4.78375,2.9093,0.143833,2.31191
-4.31689,6.67336,1.06947,2.34463,2,-4.03163,7.16298,2.45832,1.04989,2
-4.02976,7.9997,3.2773,-2.96527,2.31191,-4.14432,7.18434,3.13684,0.891613,2.31191
-6.60778,8.20633,1.85832,-2.40232,2,-5.18412,7.7592,1.7058,1.32026,2
-3.40386,4.1936,3.10307,-0.979057,2.31191,-3.54016,4.78375,2.9093,0.143833,2.31191
-5.52099,3.42557,1.75313,-1.82388,2.31191,-5.2871,3.48223,1.85185,-2.0247,2.31191
-7.8234,8.98534,1.4516,0.00265642,2.00084,-6.60778,8.20633,1.85832,-2.40232,2
-9.21441,8.84267,1.99449,-1.79443,2.00084,-7.8234,8.98534,1.4516,0.00265642,2.00084
-10.1924,7.77544,2.38769,3.13939,2.00084,-9.21441,8.84267,1.99449,-1.79443,2.00084
-6.8764,3.74091,1.19329,-2.20751,2.31191,-5.52099,3.42557,1.75313,-1.82388,2.31191
-10.6676,8.13187,1.01034,0.436377,2.00084,-10.1924,7.77544,2.38769,3.13939,2.00084
-11.9513,8.58243,1.64221,1.84984,2.00084,-10.6676,8.13187,1.01034,0.436377,2.00084
-5.30515,7.10829,1.08975,0.103676,2,-5.18412,7.7592,1.7058,1.32026,2
-3.88927,4.91355,1.26904,-2.10741,2.3246,-3.76058,5.12996,1.5917,-0.760569,2.3246
-6.15699,5.03727,1.42112,-1.54079,2.31191,-6.8764,3.74091,1.19329,-2.20751,2.31191
