0.138248,4.88161,11.2861,-2.95875,2.8342,1.22509,4.40786,10.3672,-0.390864,1
1.41909,5.07762,9.03912,-2.13316,1,1.22509,4.40786,10.3672,-0.390864,1
1.40684,3.21609,11.2598,1.31674,1.15824,1.22509,4.40786,10.3672,-0.390864,1
1.67775,1.84044,10.7267,2.03952,1.1607,1.40684,3.21609,11.2598,1.31674,1.15824
1.36482,0.824827,9.66807,-0.114711,1.1607,1.67775,1.84044,10.7267,2.03952,1.1607
0.815524,-0.0696224,10.7396,0.587501,1.1607,1.36482,0.824827,9.66807,-0.114711,1.1607
2.26963,-0.295711,9.24889,-3.0175,1.1607,1.36482,0.824827,9.66807,-0.114711,1.1607
1.59991,-0.640086,7.95163,1.26559,1.1607,2.26963,-0.295711,9.24889,-3.0175,1.1607
0.198909,-0.123989,7.80726,-0.604643,1.1607,1.59991,-0.640086,7.95163,1.26559,1.1607
2.4011,-1.76984,9.49313,0.909254,1.1607,2.26963,-0.295711,9.24889,-3.0175,1.1607
1.41057,-2.89011,9.6108,-1.16321,1.1607,2.4011,-1.76984,9.49313,0.909254,1.1607
-0.795907,-1.24604,7.77077,-2.08339,1.1607,0.198909,-0.123989,7.80726,-0.604643,1.1607
1.43357,-4.30591,10.1057,-3.0132,1.16077,1.41057,-2.89011,9.6108,-1.16321,1.1607
0.670045,0.625409,6.5963,-2.15368,1.1607,0.198909,-0.123989,7.80726,-0.604643,1.1607
1.8168,5.13876,7.5941,-1.37233,1,1.41909,5.07762,9.03912,-2.13316,1
