-0.128614,3.86903,9.17961,1.97251,1.00047,0.393775,3.05381,8.03394,0.317869,1
1.19593,4.53298,9.41362,1.20512,1.00047,-0.128614,3.86903,9.17961,1.97251,1.00047
0.87864,4.94819,10.8196,0.874511,1.06371,1.19593,4.53298,9.41362,1.20512,1.00047
-0.58803,2.71376,10.0188,0.447476,1.00047,-0.128614,3.86903,9.17961,1.97251,1.00047
-0.540503,1.45805,10.8379,2.75842,1.0088,-0.58803,2.71376,10.0188,0.447476,1.00047
0.317943,2.44081,6.66702,1.50464,1,0.393775,3.05381,8.03394,0.317869,1
-1.64455,2.43359,8.99157,1.44273,1.00047,-0.58803,2.71376,10.0188,0.447476,1.00047
-0.482134,0.120019,10.1625,0.993636,1.0088,-0.540503,1.45805,10.8379,2.75842,1.0088
-0.783542,5.01282,8.4635,-2.67896,1.00047,-0.128614,3.86903,9.17961,1.97251,1.00047
0.35166,3.60857,5.72617,-0.975955,1,0.317943,2.44081,6.66702,1.50464,1
-0.933442,4.16421,5.18787,0.470737,1.00032,0.35166,3.60857,5.72617,-0.975955,1
-0.137451,5.89996,11.3779,-0.299458,1.06371,0.87864,4.94819,10.8196,0.874511,1.06371
-0.54995,5.1563,7.52044,0.238199,1.00047,-0.783542,5.01282,8.4635,-2.67896,1.00047
0.449287,-1.03819,10.3649,-1.95982,1.0088,-0.482134,0.120019,10.1625,0.993636,1.0088
-0.136006,1.34108,5.75349,-1.53745,1,0.317943,2.44081,6.66702,1.50464,1
