0.245782,-3.2202,8.37753,-0.403332,4.35805,1.10774,-1.99268,8.3923,-2.29433,1
0.100192,-4.67495,8.04212,-3.13225,11.0928,0.245782,-3.2202,8.37753,-0.403332,4.35805
-0.401642,-4.75796,6.63099,-2.56816,13.977,0.100192,-4.67495,8.04212,-3.13225,11.0928
1.05617,-0.568928,8.86163,-2.53855,4.35286,1.10774,-1.99268,8.3923,-2.29433,1
0.33384,0.15008,9.9622,3.04504,10.7464,1.05617,-0.568928,8.86163,-2.53855,4.35286
-0.162988,-2.60721,9.6841,0.505378,5.16311,0.245782,-3.2202,8.37753,-0.403332,4.35805
-0.714962,-2.91676,11.0441,-2.43676,8.88043,-0.162988,-2.60721,9.6841,0.505378,5.16311
0.847396,0.0364607,7.50519,2.38222,5.12489,1.05617,-0.568928,8.86163,-2.53855,4.35286
1.08448,1.44586,9.87567,-2.90629,13.5639,0.33384,0.15008,9.9622,3.04504,10.7464
0.807413,1.25068,6.62538,-0.37788,5.12489,0.847396,0.0364607,7.50519,2.38222,5.12489
-0.718749,-4.38003,11.374,2.54074,9.76246,-0.714962,-2.91676,11.0441,-2.43676,8.88043
1.79586,2.66772,9.37467,-1.65696,13.9551,1.08448,1.44586,9.87567,-2.90629,13.5639
0.0923399,-0.868624,6.57744,-1.23667,5.16873,0.847396,0.0364607,7.50519,2.38222,5.12489
0.586063,2.2008,5.48596,-2.33485,5.35172,0.807413,1.25068,6.62538,-0.37788,5.12489
0.198537,3.64236,5.33859,0.680503,5.35188,0.586063,2.2008,5.48596,-2.33485,5.35172
