0.827814,4.43233,1.55776,1.87546,9.56146,1.27996,3.6937,2.06802,-2.27645,1
-0.14196,4.62127,2.68641,0.634035,18.029,0.827814,4.43233,1.55776,1.87546,9.56146
2.30058,2.72398,1.55035,1.33152,9.65612,1.27996,3.6937,2.06802,-2.27645,1
1.78873,1.44915,2.15272,-2.49193,10.9019,2.30058,2.72398,1.55035,1.33152,9.65612
1.0656,0.173535,2.46877,-0.281389,11.0212,1.78873,1.44915,2.15272,-2.49193,10.9019
1.54037,5.74547,1.42391,-0.976829,12.7454,0.827814,4.43233,1.55776,1.87546,9.56146
1.66797,3.54086,2.62251,-1.00303,2.98701,1.27996,3.6937,2.06802,-2.27645,1
0.0031532,-0.514903,1.66425,-0.488102,11.5511,1.0656,0.173535,2.46877,-0.281389,11.0212
0.147652,-2.00702,1.61208,2.63048,11.591,0.0031532,-0.514903,1.66425,-0.488102,11.5511
1.21083,-3.03658,1.85629,1.80046,11.6546,0.147652,-2.00702,1.61208,2.63048,11.591
1.30585,1.26966,0.743957,1.09398,12.0807,1.78873,1.44915,2.15272,-2.49193,10.9019
-1.4472,-0.293004,1.97609,-2.77661,11.5511,0.0031532,-0.514903,1.66425,-0.488102,11.5511
2.35067,3.31269,2.11309,2.37614,10.4797,2.30058,2.72398,1.55035,1.33152,9.65612
0.898979,2.49569,1.2516,2.92639,12.0841,1.30585,1.26966,0.743957,1.09398,12.0807
-0.646688,-2.6813,2.69114,2.38158,11.6265,0.147652,-2.00702,1.61208,2.63048,11.591
