0.411915,0.470461,3.96686,1.47283,1.21445,0.480427,-0.889812,4.59532,-1.03552,1
0.224413,1.69658,4.81034,1.49279,1.51613,0.411915,0.470461,3.96686,1.47283,1.21445
-0.133121,2.00292,6.23454,0.943325,1.51613,0.224413,1.69658,4.81034,1.49279,1.51613
-0.244973,1.71757,7.70289,2.12477,1.51613,-0.133121,2.00292,6.23454,0.943325,1.51613
0.0445439,2.36509,9.02459,0.773475,1.51617,-0.244973,1.71757,7.70289,2.12477,1.51613
-0.207451,1.52035,10.2382,-1.03158,1.51617,0.0445439,2.36509,9.02459,0.773475,1.51617
-0.425622,2.55158,11.3055,-2.89656,1.52313,-0.207451,1.52035,10.2382,-1.03158,1.51617
-0.920592,0.23805,10.5499,2.86412,1.5214,-0.207451,1.52035,10.2382,-1.03158,1.51617
0.691043,-2.35509,4.83743,2.38247,1.09353,0.480427,-0.889812,4.59532,-1.03552,1
-0.456371,-1.16117,10.8268,-2.18811,1.5214,-0.920592,0.23805,10.5499,2.86412,1.5214
-0.364598,3.05675,4.58008,1.44751,1.72808,0.224413,1.69658,4.81034,1.49279,1.51613
-0.534235,-1.66064,9.41452,-2.83473,1.5214,-0.456371,-1.16117,10.8268,-2.18811,1.5214
-0.302525,-3.47727,4.77802,0.162774,1.09353,0.691043,-2.35509,4.83743,2.38247,1.09353
-0.983503,-1.441,8.79728,-1.94059,1.5214,-0.534235,-1.66064,9.41452,-2.83473,1.5214
0.551563,0.733485,9.67362,0.398306,1.51617,-0.207451,1.52035,10.2382,-1.03158,1.51617
