1.80666,-3.45171,8.03758,-1.78587,1,0.387178,-3.90732,8.20341,-0.888546,1
1.27845,-2.05392,8.1687,2.90048,1,1.80666,-3.45171,8.03758,-1.78587,1
0.401551,-4.41665,9.61422,-2.87117,1,0.387178,-3.90732,8.20341,-0.888546,1
1.52975,-0.852802,7.30606,0.995354,1,1.27845,-2.05392,8.1687,2.90048,1
-0.0706295,-4.80466,10.9841,-0.851054,1,0.401551,-4.41665,9.61422,-2.87117,1
1.31634,-1.17622,9.38451,-3.12958,1,1.27845,-2.05392,8.1687,2.90048,1
1.53603,-0.07569,10.3798,1.82356,1,1.31634,-1.17622,9.38451,-3.12958,1
0.864264,0.91547,11.2833,-2.19524,1,1.53603,-0.07569,10.3798,1.82356,1
0.570963,2.27187,10.7139,0.517723,1,0.864264,0.91547,11.2833,-2.19524,1
1.10468,-5.68499,11.2901,1.44045,1,-0.0706295,-4.80466,10.9841,-0.851054,1
-0.104184,-4.1065,6.80024,1.95355,1,0.387178,-3.90732,8.20341,-0.888546,1
0.617206,-4.65494,5.60491,0.541756,1,-0.104184,-4.1065,6.80024,1.95355,1
0.741272,3.58032,10.0005,1.63878,1,0.570963,2.27187,10.7139,0.517723,1
1.00801,4.44442,8.8038,1.06736,1,0.741272,3.58032,10.0005,1.63878,1
-0.29995,4.33189,8.07814,2.68538,1,1.00801,4.44442,8.8038,1.06736,1
0.692316,4.47117,11.2064,-2.85271,1.0017,0.741272,3.58032,10.0005,1.63878,1
