0.100192,-4.67495,8.04212,-3.13225,9.2102,0.245782,-3.2202,8.37753,-0.403332,1
-0.401642,-4.75796,6.63099,-2.56816,13.7183,0.100192,-4.67495,8.04212,-3.13225,9.2102
0.335232,-1.74053,8.60679,2.72053,5.83278,0.245782,-3.2202,8.37753,-0.403332,1
1.41462,-5.1735,7.51892,2.07143,9.21176,0.100192,-4.67495,8.04212,-3.13225,9.2102
0.00874731,-1.6739,10.0693,2.76757,11.4916,0.335232,-1.74053,8.60679,2.72053,5.83278
0.797314,-0.923136,7.43702,0.262204,5.83278,0.335232,-1.74053,8.60679,2.72053,5.83278
0.316534,0.176829,6.53762,-0.645642,5.83637,0.797314,-0.923136,7.43702,0.262204,5.83278
-0.360858,-4.22457,5.22963,2.56494,14.2994,-0.401642,-4.75796,6.63099,-2.56816,13.7183
-0.521538,-2.47515,11.2212,1.19604,16.001,0.00874731,-1.6739,10.0693,2.76757,11.4916
0.842816,1.57219,6.37634,-1.10319,5.83637,0.316534,0.176829,6.53762,-0.645642,5.83637
0.515325,2.90743,6.97623,0.527957,5.83637,0.842816,1.57219,6.37634,-1.10319,5.83637
0.549655,4.11194,6.08294,-0.817595,5.8364,0.515325,2.90743,6.97623,0.527957,5.83637
0.694947,3.88248,4.60773,-0.773846,5.8364,0.549655,4.11194,6.08294,-0.817595,5.8364
-0.897151,-5.30427,4.33709,-0.795712,15.1551,-0.360858,-4.22457,5.22963,2.56494,14.2994
1.39767,5.33344,6.27994,0.503978,5.83642,0.549655,4.11194,6.08294,-0.817595,5.8364
