0.545568,4.14904,7.64234,-2.64861,7.33963,-0.273367,3.41027,6.62569,-2.41335,1
-0.0897301,5.17913,8.52852,-2.62443,11.9013,0.545568,4.14904,7.64234,-2.64861,7.33963
0.0144747,1.99851,6.20846,2.47572,1.47426,-0.273367,3.41027,6.62569,-2.41335,1
0.221981,0.888031,5.22166,-2.23013,1.8007,0.0144747,1.99851,6.20846,2.47572,1.47426
-0.603776,4.40062,5.54864,2.21681,12.368,-0.273367,3.41027,6.62569,-2.41335,1
1.19327,0.620914,4.11025,-3.09775,2.72937,0.221981,0.888031,5.22166,-2.23013,1.8007
-0.0536932,-0.583687,5.31138,2.02883,2.84731,0.221981,0.888031,5.22166,-2.23013,1.8007
-1.04699,4.53153,4.75918,1.96677,23.878,-0.603776,4.40062,5.54864,2.21681,12.368
-0.475525,-1.95216,5.75785,-0.803104,2.98278,-0.0536932,-0.583687,5.31138,2.02883,2.84731
0.997247,-1.20874,4.44257,2.77425,3.1068,-0.0536932,-0.583687,5.31138,2.02883,2.84731
-0.502934,-2.5795,7.12009,2.0606,3.35191,-0.475525,-1.95216,5.75785,-0.803104,2.98278
-0.909026,-3.11275,4.9122,0.0964263,2.98278,-0.475525,-1.95216,5.75785,-0.803104,2.98278
1.03774,3.86329,6.18511,-1.95223,6.55264,-0.273367,3.41027,6.62569,-2.41335,1
0.949221,-2.89326,7.32696,1.53176,3.651,-0.502934,-2.5795,7.12009,2.0606,3.35191
-1.57861,5.03468,8.63975,-2.33224,13.3591,-0.0897301,5.17913,8.52852,-2.62443,11.9013
