11.2586,4.08996,5.25328,-0.9113,1,12.6625,3.87821,4.7691,2.83113,1
10.5045,2.79429,5.30415,0.215735,1,11.2586,4.08996,5.25328,-0.9113,1
11.2184,1.52828,5.67523,-2.98075,1,10.5045,2.79429,5.30415,0.215735,1
11.3987,2.79861,5.0626,-2.32486,1,10.5045,2.79429,5.30415,0.215735,1
12.4108,4.00852,5.16135,2.75327,1,12.6625,3.87821,4.7691,2.83113,1
12.0377,3.12258,5.65548,1.76368,1,11.3987,2.79861,5.0626,-2.32486,1
12.6432,2.23613,5.64902,0.308122,1,12.0377,3.12258,5.65548,1.76368,1
10.7667,2.59094,5.43294,1.26964,1,10.5045,2.79429,5.30415,0.215735,1
10.9296,4.02431,5.21211,1.61938,1,11.2586,4.08996,5.25328,-0.9113,1
11.8992,3.97131,5.05469,1.83803,1,12.4108,4.00852,5.16135,2.75327,1
10.4131,3.39739,5.33591,2.33766,1,10.5045,2.79429,5.30415,0.215735,1
12.1385,3.79036,5.38897,2.47696,1,12.4108,4.00852,5.16135,2.75327,1
12.3827,2.9787,5.41522,-0.969592,1,12.0377,3.12258,5.65548,1.76368,1
10.8373,2.87692,5.20875,-2.80728,1,10.5045,2.79429,5.30415,0.215735,1
12.5997,4.77602,5.41575,3.11517,1.12492,12.4108,4.00852,5.16135,2.75327,1
