4.00969,4.03282,5.69424,2.7904,1,4.63745,4.19403,5.93622,2.99439,1
2.93922,5.01439,5.31927,1.39235,1,4.00969,4.03282,5.69424,2.7904,1
4.25319,5.02363,5.75929,1.86416,1,4.63745,4.19403,5.93622,2.99439,1
4.58325,2.77623,5.10941,2.67301,1,4.00969,4.03282,5.69424,2.7904,1
3.57515,1.66759,5.04131,-2.66963,1,4.58325,2.77623,5.10941,2.67301,1
2.15321,1.19101,5.07214,1.32842,1,3.57515,1.66759,5.04131,-2.66963,1
0.663153,1.31218,4.94947,2.92476,1,2.15321,1.19101,5.07214,1.32842,1
-0.812592,1.56387,5.04345,-1.15123,1,0.663153,1.31218,4.94947,2.92476,1
-2.2972,1.3504,5.06289,-2.89698,1,-0.812592,1.56387,5.04345,-1.15123,1
-1.28922,2.85615,5.63744,2.25914,1,-0.812592,1.56387,5.04345,-1.15123,1
-3.52076,2.11816,5.46716,0.0450895,1,-2.2972,1.3504,5.06289,-2.89698,1
-0.0181401,3.59144,5.33135,2.93175,1,-1.28922,2.85615,5.63744,2.25914,1
-5.00719,2.08729,5.26823,-2.25231,1,-3.52076,2.11816,5.46716,0.0450895,1
-2.04575,4.14568,5.51592,1.45976,1,-1.28922,2.85615,5.63744,2.25914,1
3.54701,6.02979,5.90221,2.85341,1,4.25319,5.02363,5.75929,1.86416,1
1.95058,-0.294991,5.09963,1.16059,1,2.15321,1.19101,5.07214,1.32842,1
1.0217,-1.47277,5.0938,2.71958,1,1.95058,-0.294991,5.09963,1.16059,1
-5.14926,0.598065,5.37793,-2.13466,1,-5.00719,2.08729,5.26823,-2.25231,1
-1.03205,4.23444,5.4004,1.35592,1,-2.04575,4.14568,5.51592,1.45976,1
-4.02903,-0.20955,4.7924,2.73722,1,-5.14926,0.598065,5.37793,-2.13466,1
-0.0340775,-0.494162,5.5153,0.42183,1,1.0217,-1.47277,5.0938,2.71958,1
-3.72749,-1.58999,4.28896,2.20976,1,-4.02903,-0.20955,4.7924,2.73722,1
3.99193,6.0619,4.99313,-1.52989,1,3.54701,6.02979,5.90221,2.85341,1
2.48087,1.27068,4.42407,-1.60374,1,2.15321,1.19101,5.07214,1.32842,1
-4.47909,-1.57863,5.58702,-1.18288,1,-3.72749,-1.58999,4.28896,2.20976,1
-5.67932,-2.25235,4.99074,-2.79946,1,-4.47909,-1.57863,5.58702,-1.18288,1
-5.75268,-3.4564,5.88231,-1.90757,1,-5.67932,-2.25235,4.99074,-2.79946,1
-4.87229,-4.46891,5.21168,1.18174,1,-5.75268,-3.4564,5.88231,-1.90757,1
-0.380565,2.4583,5.74371,-2.5953,1,-1.28922,2.85615,5.63744,2.25914,1
-6.48094,-2.54168,4.63859,-2.82597,1,-5.67932,-2.25235,4.99074,-2.79946,1
-6.55002,-1.39359,5.85931,2.53121,1,-5.67932,-2.25235,4.99074,-2.79946,1
-3.93006,1.27951,6.08351,1.70821,1.00002,-3.52076,2.11816,5.46716,0.0450895,1
