2.32231,1.18264,5.0855,-1.11322,1,3.38958,2.14602,5.5131,2.70217,1
0.844253,1.43825,5.08339,0.797629,1,2.32231,1.18264,5.0855,-1.11322,1
0.476025,2.54326,4.8322,-0.879771,1,0.844253,1.43825,5.08339,0.797629,1
-0.453025,3.71972,4.8853,-1.95362,1,0.476025,2.54326,4.8322,-0.879771,1
-1.73895,2.9546,4.99012,0.751349,1.00052,-0.453025,3.71972,4.8853,-1.95362,1
4.73574,1.60295,5.89116,2.85788,1,3.38958,2.14602,5.5131,2.70217,1
5.88144,2.35803,5.28516,-0.0810965,1,4.73574,1.60295,5.89116,2.85788,1
0.352449,4.5574,5.83373,1.94455,1,-0.453025,3.71972,4.8853,-1.95362,1
-2.7891,1.91252,4.74259,2.84788,1.00052,-1.73895,2.9546,4.99012,0.751349,1.00052
-4.18604,1.77087,4.21488,-1.79457,1.00052,-2.7891,1.91252,4.74259,2.84788,1.00052
7.33056,2.0849,5.55983,-2.36095,1,5.88144,2.35803,5.28516,-0.0810965,1
2.28341,-0.244772,4.62618,-2.86191,1,2.32231,1.18264,5.0855,-1.11322,1
-5.04055,0.588437,4.5637,0.863027,1.00052,-4.18604,1.77087,4.21488,-1.79457,1.00052
1.88294,-1.66293,4.90625,-2.9141,1,2.28341,-0.244772,4.62618,-2.86191,1
7.50933,3.57123,5.6539,0.355492,1,7.33056,2.0849,5.55983,-2.36095,1
