1.42648,5.35669,2.20788,-0.867602,1.01323,0.497206,5.00335,1.08467,-0.629353,1
0.318639,3.60117,1.58669,-2.08076,1.05668,0.497206,5.00335,1.08467,-0.629353,1
0.211574,2.21905,2.15964,1.88577,5.23792,0.318639,3.60117,1.58669,-2.08076,1.05668
0.971802,1.11158,1.49213,-2.61135,6.89501,0.211574,2.21905,2.15964,1.88577,5.23792
2.59872,6.24338,2.50726,3.10093,5.34597,1.42648,5.35669,2.20788,-0.867602,1.01323
-0.545393,6.08015,1.14365,-2.45618,1.00992,0.497206,5.00335,1.08467,-0.629353,1
1.13294,0.326493,2.76007,1.73651,7.89837,0.971802,1.11158,1.49213,-2.61135,6.89501
1.66673,-0.722685,3.68974,-3.10313,8.6483,1.13294,0.326493,2.76007,1.73651,7.89837
-1.00093,2.76978,2.84996,-1.07263,5.67216,0.211574,2.21905,2.15964,1.88577,5.23792
3.06351,6.57555,3.89421,-2.7724,10.4034,2.59872,6.24338,2.50726,3.10093,5.34597
1.50631,1.20676,3.9158,0.308961,8.39106,1.13294,0.326493,2.76007,1.73651,7.89837
-1.8844,6.59484,1.58199,-0.943854,3.43423,-0.545393,6.08015,1.14365,-2.45618,1.00992
2.52681,2.2918,3.73898,2.08538,8.85601,1.50631,1.20676,3.9158,0.308961,8.39106
1.71709,0.937041,0.712262,0.242236,7.16488,0.971802,1.11158,1.49213,-2.61135,6.89501
0.713583,2.28211,1.4288,-0.559322,6.46472,0.211574,2.21905,2.15964,1.88577,5.23792
