1.12159,9.10049,1.4697,-2.53354,2.83514,2.22027,8.08025,1.51465,-2.11544,2
-0.0633862,8.91542,1.37539,-1.58714,2.83514,1.12159,9.10049,1.4697,-2.53354,2.83514
-0.311388,9.06087,1.12458,-2.34095,3.85498,-0.0633862,8.91542,1.37539,-1.58714,2.83514
-1.81079,9.07643,1.16389,2.20739,4.40623,-0.311388,9.06087,1.12458,-2.34095,3.85498
3.49993,7.30103,1.58718,-2.7734,2,2.22027,8.08025,1.51465,-2.11544,2
-2.22247,8.25572,1.16562,0.0830141,4.40623,-1.81079,9.07643,1.16389,2.20739,4.40623
4.8184,8.01629,1.59415,1.93762,2,3.49993,7.30103,1.58718,-2.7734,2
6.09668,7.23143,1.59389,-0.543175,2,4.8184,8.01629,1.59415,1.93762,2
7.59199,7.30857,1.68378,-1.37279,2,6.09668,7.23143,1.59389,-0.543175,2
2.69078,7.33998,1.86286,-2.34197,2,3.49993,7.30103,1.58718,-2.7734,2
2.26003,5.90577,1.77632,1.91302,2,2.69078,7.33998,1.86286,-2.34197,2
2.60472,4.45019,1.66464,0.611368,2,2.26003,5.90577,1.77632,1.91302,2
3.47901,5.09658,1.64726,-2.00675,2,2.60472,4.45019,1.66464,0.611368,2
1.65922,3.2868,1.61417,-1.31937,2.01818,2.60472,4.45019,1.66464,0.611368,2
0.491516,2.34822,1.53972,-2.91297,2.01867,1.65922,3.2868,1.61417,-1.31937,2.01818
1.24992,1.05499,1.49088,-1.46867,2.01965,0.491516,2.34822,1.53972,-2.91297,2.01867
8.60681,8.39516,1.48511,-0.891821,2,7.59199,7.30857,1.68378,-1.37279,2
4.47851,3.98269,1.54588,-2.31289,2,3.47901,5.09658,1.64726,-2.00675,2
-0.126581,1.52267,0.903685,-2.18583,2.02188,0.491516,2.34822,1.53972,-2.91297,2.01867
2.30452,-0.00990718,1.42912,-1.01171,2.03054,1.24992,1.05499,1.49088,-1.46867,2.01965
1.61753,-1.34312,1.45328,-2.60328,2.03253,2.30452,-0.00990718,1.42912,-1.01171,2.03054
5.51383,2.92348,1.30889,-0.0908173,2.01453,4.47851,3.98269,1.54588,-2.31289,2
1.86583,-2.79884,1.19019,2.65607,2.03341,1.61753,-1.34312,1.45328,-2.60328,2.03253
6.36781,1.94857,1.74225,1.01463,2.01453,5.51383,2.92348,1.30889,-0.0908173,2.01453
3.34079,-3.06526,1.24946,2.54886,2.03372,1.86583,-2.79884,1.19019,2.65607,2.03341
1.74284,-4.29354,1.21771,-0.119672,2.04206,1.86583,-2.79884,1.19019,2.65607,2.03341
6.34845,8.60126,1.03696,1.92086,2,6.09668,7.23143,1.59389,-0.543175,2
2.89478,9.42004,1.51457,-2.35991,2,2.22027,8.08025,1.51465,-2.11544,2
7.76621,8.30471,0.668791,2.47651,2,8.60681,8.39516,1.48511,-0.891821,2
7.76572,2.4863,1.66053,1.47969,2.01453,6.36781,1.94857,1.74225,1.01463,2.01453
