2.91972,3.53866,1.28067,0.151763,2,4.41838,3.59893,1.26085,1.16257,2
1.64359,2.75036,1.28981,2.77173,2,2.91972,3.53866,1.28067,0.151763,2
0.485474,1.79715,1.30211,-1.86223,2,1.64359,2.75036,1.28981,2.77173,2
0.198815,0.32493,1.32185,-2.59323,2,0.485474,1.79715,1.30211,-1.86223,2
-1.19597,-0.222452,1.39211,2.92786,2,0.198815,0.32493,1.32185,-2.59323,2
-2.19407,-1.34213,1.38137,2.78271,2,-1.19597,-0.222452,1.39211,2.92786,2
-2.04177,-2.83219,1.46212,1.95496,2,-2.19407,-1.34213,1.38137,2.78271,2
-0.806515,-3.41122,0.838533,0.45801,2,-2.04177,-2.83219,1.46212,1.95496,2
0.653384,-3.46634,1.17862,-1.46616,2,-0.806515,-3.41122,0.838533,0.45801,2
0.919123,-4.94136,1.2395,-0.784029,2,0.653384,-3.46634,1.17862,-1.46616,2
0.124447,-6.21238,1.18473,-2.13359,2,0.919123,-4.94136,1.2395,-0.784029,2
-1.34725,-6.46855,1.04879,-1.81235,2,0.124447,-6.21238,1.18473,-2.13359,2
-2.84496,-6.39879,1.0935,-0.888619,2.00001,-1.34725,-6.46855,1.04879,-1.81235,2
2.20845,4.85225,1.14431,-0.110968,2,2.91972,3.53866,1.28067,0.151763,2
1.09455,5.85657,1.12113,0.296877,2,2.20845,4.85225,1.14431,-0.110968,2
-0.338644,6.28976,1.2123,1.67738,2,1.09455,5.85657,1.12113,0.296877,2
5.89299,3.77502,1.47185,2.8924,2,4.41838,3.59893,1.26085,1.16257,2
0.146055,5.72574,0.841282,2.8238,2,-0.338644,6.28976,1.2123,1.67738,2
-1.73462,-0.207591,1.45822,-0.277237,2,-1.19597,-0.222452,1.39211,2.92786,2
2.40158,1.47705,1.05711,1.87471,2,1.64359,2.75036,1.28981,2.77173,2
-4.20096,-5.76358,1.1817,-0.361874,2.00001,-2.84496,-6.39879,1.0935,-0.888619,2.00001
2.39157,-5.21177,1.14587,1.36421,2,0.919123,-4.94136,1.2395,-0.784029,2
-5.09424,-6.96737,1.12766,2.64392,2.00001,-4.20096,-5.76358,1.1817,-0.361874,2.00001
7.04906,4.73077,1.47711,-1.80841,2,5.89299,3.77502,1.47185,2.8924,2
3.58909,-6.11193,1.07062,1.27247,2,2.39157,-5.21177,1.14587,1.36421,2
8.2745,5.55324,1.20903,-0.474264,2,7.04906,4.73077,1.47711,-1.80841,2
-0.273758,-5.38417,0.795572,2.15308,2,0.124447,-6.21238,1.18473,-2.13359,2
-1.19838,-4.99359,1.57583,0.873686,2,-0.273758,-5.38417,0.795572,2.15308,2
-1.92335,-2.18819,1.43709,-2.16237,2,-2.04177,-2.83219,1.46212,1.95496,2
-5.30492,-4.74865,1.21639,-3.01776,2.00001,-4.20096,-5.76358,1.1817,-0.361874,2.00001
