2.14121,8.76078,1.19278,-3.07267,2,0.645133,8.65763,1.15932,-2.87576,2
3.61918,8.5133,1.25868,0.441011,2,2.14121,8.76078,1.19278,-3.07267,2
4.60376,7.38536,1.16731,-2.55653,2,3.61918,8.5133,1.25868,0.441011,2
6.04598,7.7056,1.42705,-2.51683,2,4.60376,7.38536,1.16731,-2.55653,2
7.37824,7.04241,1.2393,1.6556,2,6.04598,7.7056,1.42705,-2.51683,2
8.75232,6.45515,1.36979,0.384014,2,7.37824,7.04241,1.2393,1.6556,2
8.22707,5.05094,1.41801,1.54784,2,8.75232,6.45515,1.36979,0.384014,2
9.41268,4.16299,1.18163,-1.89996,2.00851,8.22707,5.05094,1.41801,1.54784,2
8.91415,2.75017,1.25515,-1.06452,2.02341,9.41268,4.16299,1.18163,-1.89996,2.00851
8.55138,1.29494,1.28143,0.396493,2.02431,8.91415,2.75017,1.25515,-1.06452,2.02341
8.86545,1.72068,1.54975,-1.39161,2.03345,8.55138,1.29494,1.28143,0.396493,2.02431
7.88065,-0.0466402,1.26458,3.1107,2.02432,8.55138,1.29494,1.28143,0.396493,2.02431
7.28934,7.13405,0.814391,-1.7968,2,7.37824,7.04241,1.2393,1.6556,2
-0.854017,8.60716,1.16002,-2.02682,2,0.645133,8.65763,1.15932,-2.87576,2
9.58867,3.49456,1.94701,-2.48015,2.0108,9.41268,4.16299,1.18163,-1.89996,2.00851
5.98561,9.19906,1.30087,2.93179,2,6.04598,7.7056,1.42705,-2.51683,2
5.09561,9.41273,1.91831,-2.8611,2,5.98561,9.19906,1.30087,2.93179,2
-2.27884,8.13985,1.12131,-0.76226,2,-0.854017,8.60716,1.16002,-2.02682,2
-3.77173,8.10772,1.2636,2.86176,2,-2.27884,8.13985,1.12131,-0.76226,2
-5.27127,8.07068,1.25969,-0.478986,2,-3.77173,8.10772,1.2636,2.86176,2
-3.36778,9.25154,1.51052,-0.17819,2,-3.77173,8.10772,1.2636,2.86176,2
-5.57092,6.60092,1.26586,2.21708,2,-5.27127,8.07068,1.25969,-0.478986,2
-5.61196,5.10164,1.28764,-0.166624,2,-5.57092,6.60092,1.26586,2.21708,2
9.34574,6.16627,1.1975,-2.16283,2,8.75232,6.45515,1.36979,0.384014,2
-5.43179,3.61257,1.27394,-0.585838,2,-5.61196,5.10164,1.28764,-0.166624,2
-4.04262,8.13484,1.76811,0.0169856,2,-3.77173,8.10772,1.2636,2.86176,2
-4.85489,2.25341,1.00961,-1.32846,2,-5.43179,3.61257,1.27394,-0.585838,2
-5.09321,0.773347,0.958351,-1.14544,2,-4.85489,2.25341,1.00961,-1.32846,2
7.04174,7.01075,1.52985,-2.30535,2,7.37824,7.04241,1.2393,1.6556,2
-5.29462,5.86592,1.35653,-0.669468,2,-5.57092,6.60092,1.26586,2.21708,2
