1.37244,3.025,1.33194,1.10922,7.67974,1.19592,1.80947,2.19294,0.773116,2
0.25341,3.62465,2.13081,-1.91284,8.96318,1.37244,3.025,1.33194,1.10922,7.67974
0.84161,3.92766,2.07934,1.17276,13.8167,0.25341,3.62465,2.13081,-1.91284,8.96318
1.72232,3.21056,3.0592,-1.79074,14.1623,0.84161,3.92766,2.07934,1.17276,13.8167
0.519449,0.504703,2.49289,0.506968,3.37175,1.19592,1.80947,2.19294,0.773116,2
0.231419,-0.967369,2.48639,-0.546299,6.39918,0.519449,0.504703,2.49289,0.506968,3.37175
1.21766,-2.02085,2.89566,-0.742059,8.45826,0.231419,-0.967369,2.48639,-0.546299,6.39918
0.886711,-3.48367,2.87007,-1.87849,10.3255,1.21766,-2.02085,2.89566,-0.742059,8.45826
2.10959,0.877712,1.45334,0.63039,2.81247,1.19592,1.80947,2.19294,0.773116,2
1.05853,-2.39441,2.74868,-2.6808,8.79935,1.21766,-2.02085,2.89566,-0.742059,8.45826
0.986927,5.42009,2.04022,-0.896674,14.2203,0.84161,3.92766,2.07934,1.17276,13.8167
-0.246035,-1.52495,2.34976,1.7951,7.46339,0.231419,-0.967369,2.48639,-0.546299,6.39918
-1.19903,3.72669,1.77024,-1.95892,9.06183,0.25341,3.62465,2.13081,-1.91284,8.96318
1.72572,6.2159,3.07505,-0.663153,14.2349,0.986927,5.42009,2.04022,-0.896674,14.2203
-0.982793,-2.6432,1.67396,1.48412,7.65437,-0.246035,-1.52495,2.34976,1.7951,7.46339
0.419937,6.10816,2.33894,-1.55177,14.3232,0.986927,5.42009,2.04022,-0.896674,14.2203
-0.641503,-2.85448,2.02733,0.371578,8.27771,-0.982793,-2.6432,1.67396,1.48412,7.65437
0.945353,2.93049,2.15742,-1.20098,8.61774,1.37244,3.025,1.33194,1.10922,7.67974
-2.33651,-3.22837,1.40004,1.67007,7.76405,-0.982793,-2.6432,1.67396,1.48412,7.65437
-2.49749,-4.69575,1.13381,2.16823,7.76535,-2.33651,-3.22837,1.40004,1.67007,7.76405
-2.04457,4.83039,1.20729,2.34137,10.2934,-1.19903,3.72669,1.77024,-1.95892,9.06183
0.556705,5.85975,2.27379,0.550061,15.7156,0.419937,6.10816,2.33894,-1.55177,14.3232
-1.91805,4.54868,0.810042,2.65795,10.7006,-2.04457,4.83039,1.20729,2.34137,10.2934
-1.09013,2.24236,1.58342,2.22403,9.42827,-1.19903,3.72669,1.77024,-1.95892,9.06183
2.42517,3.94096,0.781688,-1.28538,8.49371,1.37244,3.025,1.33194,1.10922,7.67974
-1.19233,1.86582,1.83386,1.49076,9.64339,-1.09013,2.24236,1.58342,2.22403,9.42827
2.10033,3.63927,0.894987,0.379169,8.49371,2.42517,3.94096,0.781688,-1.28538,8.49371
0.712425,-0.297966,1.96824,-0.205495,6.81168,0.231419,-0.967369,2.48639,-0.546299,6.39918
1.49903,1.27705,2.08764,-1.6603,2.82665,1.19592,1.80947,2.19294,0.773116,2
-2.16945,0.740234,1.66561,2.7692,9.64339,-1.19233,1.86582,1.83386,1.49076,9.64339
