1.52969,9.08853,1.01601,2.86545,16.4474,2.12306,8.85407,1.12488,1.32179,2
1.76848,7.39739,1.17318,0.559145,2.52149,2.12306,8.85407,1.12488,1.32179,2
2.57015,6.13,1.14083,-0.367335,2.54648,1.76848,7.39739,1.17318,0.559145,2.52149
1.63016,4.96133,1.16617,-0.628556,2.54648,2.57015,6.13,1.14083,-0.367335,2.54648
0.958248,3.62103,1.21252,2.1115,2.54648,1.63016,4.96133,1.16617,-0.628556,2.54648
2.21633,2.81075,1.10921,0.472591,2.54648,0.958248,3.62103,1.21252,2.1115,2.54648
2.55106,1.34888,1.07965,-0.583957,2.54648,2.21633,2.81075,1.10921,0.472591,2.54648
2.57089,-0.148146,0.987294,-2.45577,2.55056,2.55106,1.34888,1.07965,-0.583957,2.54648
1.12886,-0.548361,1.08912,0.819776,2.55056,2.57089,-0.148146,0.987294,-2.45577,2.55056
1.36181,-2.03004,1.07027,0.371969,2.55056,1.12886,-0.548361,1.08912,0.819776,2.55056
0.114629,-2.86312,1.04777,1.38578,2.55152,1.36181,-2.03004,1.07027,0.371969,2.55056
3.6265,3.32067,1.14669,-3.09638,2.55368,2.21633,2.81075,1.10921,0.472591,2.54648
1.00596,-4.06953,1.05765,-2.13379,2.55886,0.114629,-2.86312,1.04777,1.38578,2.55152
-1.23336,-3.51684,1.12245,1.83535,2.5519,0.114629,-2.86312,1.04777,1.38578,2.55152
-2.72914,-3.44732,1.03415,-2.61986,2.55379,-1.23336,-3.51684,1.12245,1.83535,2.5519
5.08298,3.65934,1.02848,1.12444,2.57644,3.6265,3.32067,1.14669,-3.09638,2.55368
6.44273,3.06231,1.23977,-2.78957,2.58585,5.08298,3.65934,1.02848,1.12444,2.57644
5.53453,4.88229,1.10804,-2.01342,2.59898,5.08298,3.65934,1.02848,1.12444,2.57644
6.94888,5.23394,1.46293,-1.55711,2.62653,5.53453,4.88229,1.10804,-2.01342,2.59898
-0.876522,-1.98806,1.7562,3.11644,2.55264,0.114629,-2.86312,1.04777,1.38578,2.55152
3.60115,8.64964,1.27801,0.601005,3.25083,2.12306,8.85407,1.12488,1.32179,2
2.62513,4.96341,1.64141,-1.70901,2.55474,1.63016,4.96133,1.16617,-0.628556,2.54648
0.0703733,-2.88173,1.60068,2.43276,2.55184,0.114629,-2.86312,1.04777,1.38578,2.55152
1.71778,-1.30554,0.976001,-2.54335,2.55204,1.36181,-2.03004,1.07027,0.371969,2.55056
6.29596,3.9362,1.87043,2.36271,2.58585,6.44273,3.06231,1.23977,-2.78957,2.58585
4.69506,7.88239,1.65765,-2.66288,3.97916,3.60115,8.64964,1.27801,0.601005,3.25083
1.65599,6.81821,0.907817,-0.205495,3.08208,1.76848,7.39739,1.17318,0.559145,2.52149
5.78085,8.53278,0.852631,0.332387,5.96052,4.69506,7.88239,1.65765,-2.66288,3.97916
1.23769,6.39561,1.22592,-1.20382,3.08208,1.65599,6.81821,0.907817,-0.205495,3.08208
1.29553,2.06209,1.4831,-0.769703,2.54648,2.21633,2.81075,1.10921,0.472591,2.54648
