5.01827,-4.29883,8.62129,0.23473,1,8.01099,-4.35106,8.82352,-1.31633,1
5.23035,-6.45071,6.54176,-0.681636,1,5.01827,-4.29883,8.62129,0.23473,1
5.05729,-7.1225,5.39753,0.13348,1,5.23035,-6.45071,6.54176,-0.681636,1
9.7946,-6.545,9.82619,-0.461001,1.00179,8.01099,-4.35106,8.82352,-1.31633,1
12.5988,-7.53364,9.42745,0.747701,1.47855,9.7946,-6.545,9.82619,-0.461001,1.00179
4.44114,-1.56741,9.71958,1.48169,1,5.01827,-4.29883,8.62129,0.23473,1
6.15797,0.830013,10.2717,-0.564438,1.00018,4.44114,-1.56741,9.71958,1.48169,1
1.52225,-2.25801,9.66362,-1.48982,1.00036,4.44114,-1.56741,9.71958,1.48169,1
6.39296,3.37189,8.69579,0.263199,1.00028,6.15797,0.830013,10.2717,-0.564438,1.00018
-0.397473,-0.0861283,8.89058,-2.48414,1.00036,1.52225,-2.25801,9.66362,-1.48982,1.00036
-3.12603,1.12125,9.20239,2.66166,1.00036,-0.397473,-0.0861283,8.89058,-2.48414,1.00036
-5.12977,0.753822,7.00011,-1.18144,1.00036,-3.12603,1.12125,9.20239,2.66166,1.00036
-3.49181,-0.812263,5.03429,1.60427,1.00036,-5.12977,0.753822,7.00011,-1.18144,1.00036
-6.31472,3.29503,5.93326,-2.40325,1.00036,-5.12977,0.753822,7.00011,-1.18144,1.00036
5.17521,5.43149,6.88606,2.91612,1.00028,6.39296,3.37189,8.69579,0.263199,1.00028
