5.45176,-6.19655,0.704809,-0.70502,5.00803,6.19482,-4.89366,0.686072,-2.49271,2
5.27939,-3.70663,0.740366,-1.63778,2.09447,6.19482,-4.89366,0.686072,-2.49271,2
5.76033,-2.28582,0.743694,-0.241433,2.09447,5.27939,-3.70663,0.740366,-1.63778,2.09447
6.70608,-6.98367,0.943824,2.98526,6.35217,5.45176,-6.19655,0.704809,-0.70502,5.00803
6.85575,-1.26113,0.736673,-1.30277,2.11808,5.76033,-2.28582,0.743694,-0.241433,2.09447
8.23193,-1.13489,1.31994,-1.88104,2.11808,6.85575,-1.26113,0.736673,-1.30277,2.11808
8.48749,0.343174,1.31737,0.679052,2.11808,8.23193,-1.13489,1.31994,-1.88104,2.11808
9.43602,-1.38363,1.14516,-1.15248,2.11808,8.23193,-1.13489,1.31994,-1.88104,2.11808
8.8633,1.79508,1.34413,-0.235078,2.11808,8.48749,0.343174,1.31737,0.679052,2.11808
7.57357,-8.17559,1.22092,2.74107,7.01492,6.70608,-6.98367,0.943824,2.98526,6.35217
8.98356,3.2868,1.44575,-0.481631,2.11808,8.8633,1.79508,1.34413,-0.235078,2.11808
7.90344,4.32122,1.3304,-0.487254,2.11808,8.98356,3.2868,1.44575,-0.481631,2.11808
6.41593,4.16074,1.43797,-1.61518,2.11808,7.90344,4.32122,1.3304,-0.487254,2.11808
8.26919,4.63953,1.44497,0.382437,2.11808,7.90344,4.32122,1.3304,-0.487254,2.11808
8.92422,-7.53158,1.11609,-0.205448,7.10852,7.57357,-8.17559,1.22092,2.74107,7.01492
5.33245,5.19473,1.35473,-0.243536,2.11808,6.41593,4.16074,1.43797,-1.61518,2.11808
3.83996,5.04818,1.32317,2.31369,2.11808,5.33245,5.19473,1.35473,-0.243536,2.11808
2.43356,4.53055,1.38712,1.43006,2.11809,3.83996,5.04818,1.32317,2.31369,2.11808
8.61094,6.09945,1.40196,-0.0510866,2.11808,8.26919,4.63953,1.44497,0.382437,2.11808
1.03984,5.07559,1.28475,-2.89111,2.11836,2.43356,4.53055,1.38712,1.43006,2.11809
8.96238,7.54947,1.24732,-0.137222,2.11808,8.61094,6.09945,1.40196,-0.0510866,2.11808
2.0787,3.08246,1.22246,0.67291,2.11809,2.43356,4.53055,1.38712,1.43006,2.11809
5.95674,4.42113,0.766505,1.55966,2.11808,6.41593,4.16074,1.43797,-1.61518,2.11808
2.02277,1.6117,0.933065,-0.179552,2.11809,2.0787,3.08246,1.22246,0.67291,2.11809
8.78976,2.30442,0.687663,1.9914,2.11808,8.8633,1.79508,1.34413,-0.235078,2.11808
0.893552,0.63789,1.09603,1.7618,2.11809,2.02277,1.6117,0.933065,-0.179552,2.11809
7.42955,2.92006,1.57973,-1.88275,2.11808,7.90344,4.32122,1.3304,-0.487254,2.11808
-0.37364,-0.161172,1.17168,1.21733,2.11809,0.893552,0.63789,1.09603,1.7618,2.11809
2.60335,2.28247,1.65459,2.90829,2.11809,2.0787,3.08246,1.22246,0.67291,2.11809
-0.304774,5.73575,1.36347,2.06601,2.11836,1.03984,5.07559,1.28475,-2.89111,2.11836
