-10.5854,7.84901,12.4104,0.753016,21.9118,-7.59919,8.13286,12.3668,-3.06786,1
-5.0376,8.75298,13.7999,0.886468,34.8444,-7.59919,8.13286,12.3668,-3.06786,1
-13.4575,7.05851,12.7661,1.8364,27.4799,-10.5854,7.84901,12.4104,0.753016,21.9118
-13.4368,7.90956,15.6427,1.65166,29.2801,-13.4575,7.05851,12.7661,1.8364,27.4799
-3.17031,6.40498,13.7902,-3.05267,35.4558,-5.0376,8.75298,13.7999,0.886468,34.8444
-6.58066,9.77579,10.0726,-2.9953,15.7016,-7.59919,8.13286,12.3668,-3.06786,1
-6.65098,7.25416,8.44887,2.39707,19.3815,-6.58066,9.77579,10.0726,-2.9953,15.7016
-2.78622,3.44583,14.0999,0.0810474,36.1657,-3.17031,6.40498,13.7902,-3.05267,35.4558
-0.677702,1.31179,14.0962,-1.24063,36.1884,-2.78622,3.44583,14.0999,0.0810474,36.1657
-2.91992,-0.21209,15.3808,0.442989,36.1924,-0.677702,1.31179,14.0962,-1.24063,36.1884
-3.08025,-2.29615,13.2289,-0.419713,36.1925,-2.91992,-0.21209,15.3808,0.442989,36.1924
-4.29941,7.69912,6.63995,-1.46771,19.3874,-6.65098,7.25416,8.44887,2.39707,19.3815
-5.27273,-3.81002,11.85,-1.23602,36.1926,-3.08025,-2.29615,13.2289,-0.419713,36.1925
0.404565,1.36602,16.8937,-2.43545,36.1926,-0.677702,1.31179,14.0962,-1.24063,36.1884
-5.22929,-1.40166,16.8814,-2.52905,36.1932,-2.91992,-0.21209,15.3808,0.442989,36.1924
