-9.63071,0.90917,11.8752,2.87831,2.31736,-8.82422,2.82346,14.0397,-3.00316,1
-6.09084,1.60279,14.2363,1.3594,1,-8.82422,2.82346,14.0397,-3.00316,1
-10.8109,2.14333,16.1823,1.01126,1,-8.82422,2.82346,14.0397,-3.00316,1
-3.44113,2.11054,12.9243,-1.31803,1,-6.09084,1.60279,14.2363,1.3594,1
-5.86692,-0.295902,16.5482,-0.848367,1,-6.09084,1.60279,14.2363,1.3594,1
-3.636,4.87827,11.7834,-0.483995,1.00729,-3.44113,2.11054,12.9243,-1.31803,1
-3.38904,7.155,9.84551,-1.48842,1.00737,-3.636,4.87827,11.7834,-0.483995,1.00729
-0.878335,5.53266,12.7668,1.65967,1.00729,-3.636,4.87827,11.7834,-0.483995,1.00729
-12.1711,4.43462,17.5606,-2.62569,1.77787,-10.8109,2.14333,16.1823,1.01126,1
-8.41934,-0.978845,9.88324,-2.9184,2.31736,-9.63071,0.90917,11.8752,2.87831,2.31736
-5.61305,7.60353,7.88271,-2.51993,1.00737,-3.38904,7.155,9.84551,-1.48842,1.00737
-8.19926,-3.79251,8.86597,1.85892,2.31736,-8.41934,-0.978845,9.88324,-2.9184,2.31736
-10.2969,-5.74703,9.74902,0.0890465,2.31736,-8.19926,-3.79251,8.86597,1.85892,2.31736
1.60822,5.33068,14.433,0.668695,1.00729,-0.878335,5.53266,12.7668,1.65967,1.00729
2.61307,8.04549,15.2205,3.05612,1.00729,1.60822,5.33068,14.433,0.668695,1.00729
