-2.36356,-13.4303,4.09507,-1.42562,5.46082,-1.05874,-11.9372,6.34629,1.89518,1
-1.43565,-9.12325,7.31576,0.934809,1,-1.05874,-11.9372,6.34629,1.89518,1
-4.8311,-13.8836,2.45017,-3.05142,7.52041,-2.36356,-13.4303,4.09507,-1.42562,5.46082
-1.92395,-9.1956,10.2749,1.43956,1,-1.43565,-9.12325,7.31576,0.934809,1
-1.20258,-9.37318,13.1814,0.381342,1,-1.92395,-9.1956,10.2749,1.43956,1
-0.26482,-7.23085,15.0605,1.36055,1.0002,-1.20258,-9.37318,13.1814,0.381342,1
-0.690118,-4.30833,15.5878,0.753316,1.00021,-0.26482,-7.23085,15.0605,1.36055,1.0002
-4.34458,-10.7794,11.0699,1.71606,1,-1.92395,-9.1956,10.2749,1.43956,1
-6.39924,-11.6026,13.0949,-3.00571,1,-4.34458,-10.7794,11.0699,1.71606,1
1.25591,-12.7093,8.0916,-2.15308,1.24991,-1.05874,-11.9372,6.34629,1.89518,1
-6.33086,-11.3237,2.00562,1.52584,7.64581,-4.8311,-13.8836,2.45017,-3.05142,7.52041
-2.24081,-1.83353,14.9017,0.874221,1.00021,-0.690118,-4.30833,15.5878,0.753316,1.00021
-3.79286,0.214073,13.353,-2.30178,1.00023,-2.24081,-1.83353,14.9017,0.874221,1.00021
-8.97527,-12.6438,14.2263,-1.73158,1.00012,-6.39924,-11.6026,13.0949,-3.00571,1
-5.42003,-10.4302,0.644559,3.01591,7.66,-6.33086,-11.3237,2.00562,1.52584,7.64581
