-5.90971,9.88322,20.5953,2.80893,56.5094,-4.96513,9.98363,17.7497,0.247503,1
-4.00936,11.9896,21.571,-0.795427,57.8262,-5.90971,9.88322,20.5953,2.80893,56.5094
-5.97414,7.0342,21.5328,-3.05367,69.6122,-5.90971,9.88322,20.5953,2.80893,56.5094
-4.65467,4.94433,19.8324,0.368268,69.6122,-5.97414,7.0342,21.5328,-3.05367,69.6122
-3.19598,10.1072,15.33,-3.103,4.10062,-4.96513,9.98363,17.7497,0.247503,1
-2.29835,3.14893,20.306,-1.2912,69.6213,-4.65467,4.94433,19.8324,0.368268,69.6122
-1.98603,8.28452,13.2772,-3.00087,4.13527,-3.19598,10.1072,15.33,-3.103,4.10062
-3.26206,0.763859,18.7624,-3.0891,69.6343,-2.29835,3.14893,20.306,-1.2912,69.6213
-2.37225,-1.74508,17.3791,-0.977314,69.6343,-3.26206,0.763859,18.7624,-3.0891,69.6343
0.281307,-2.98343,18.0311,-1.08777,69.6345,-2.37225,-1.74508,17.3791,-0.977314,69.6343
2.3446,-5.09143,18.578,-1.48236,69.6345,0.281307,-2.98343,18.0311,-1.08777,69.6345
0.590687,9.50599,12.3453,-1.58957,4.19152,-1.98603,8.28452,13.2772,-3.00087,4.13527
0.529762,-7.48016,18.5959,1.64773,69.6345,2.3446,-5.09143,18.578,-1.48236,69.6345
-5.12159,-2.94487,17.3388,-1.60481,69.6343,-2.37225,-1.74508,17.3791,-0.977314,69.6343
-3.75484,4.81736,22.6914,3.10831,70.0113,-4.65467,4.94433,19.8324,0.368268,69.6122
