0.660447,7.32739,16.8786,1.74309,24.7286,3.4053,6.19865,16.4407,0.497372,1
-2.04287,7.98424,18.0014,3.10339,39.6041,0.660447,7.32739,16.8786,1.74309,24.7286
3.81259,3.34152,17.2598,0.424703,2.45838,3.4053,6.19865,16.4407,0.497372,1
3.62291,5.27515,13.5947,0.333771,1.02499,3.4053,6.19865,16.4407,0.497372,1
1.9607,1.01181,16.8817,-0.71394,5.33766,3.81259,3.34152,17.2598,0.424703,2.45838
6.26036,7.07831,16.1671,-0.00548268,8.31867,3.4053,6.19865,16.4407,0.497372,1
7.60981,7.91492,13.6217,-0.462109,8.60624,6.26036,7.07831,16.1671,-0.00548268,8.31867
9.37009,5.73538,12.5489,-2.59901,8.65485,7.60981,7.91492,13.6217,-0.462109,8.60624
1.57993,9.57632,18.6384,0.575545,28.8673,0.660447,7.32739,16.8786,1.74309,24.7286
-0.224174,-0.0216752,18.6588,-2.93286,8.65179,1.9607,1.01181,16.8817,-0.71394,5.33766
3.17541,6.92538,11.1296,0.539989,1.03216,3.62291,5.27515,13.5947,0.333771,1.02499
-0.384761,0.0455296,17.9615,-0.480483,9.70594,-0.224174,-0.0216752,18.6588,-2.93286,8.65179
1.53642,11.4013,20.005,-1.29049,30.6204,1.57993,9.57632,18.6384,0.575545,28.8673
7.64631,9.48126,17.3095,2.18142,10.8164,6.26036,7.07831,16.1671,-0.00548268,8.31867
9.13598,10.3059,12.6449,1.44068,8.65343,7.60981,7.91492,13.6217,-0.462109,8.60624
