12.6469,4.53675,16.0572,0.875138,1.15708,9.78086,5.319,16.4743,-2.05839,1
12.9863,7.5166,15.9844,-0.318699,1.28573,12.6469,4.53675,16.0572,0.875138,1.15708
13.9896,7.12498,13.1844,-1.57718,1.38678,12.9863,7.5166,15.9844,-0.318699,1.28573
13.824,9.33671,11.1643,0.865769,1.44359,13.9896,7.12498,13.1844,-1.57718,1.38678
14.9162,11.4352,12.8449,-1.97941,1.44363,13.824,9.33671,11.1643,0.865769,1.44359
7.08624,5.94821,17.6332,-0.915712,1.11246,9.78086,5.319,16.4743,-2.05839,1
11.7616,8.00092,9.44315,-2.04395,1.44359,13.824,9.33671,11.1643,0.865769,1.44359
5.32152,4.31101,15.8429,-0.178023,1.1499,7.08624,5.94821,17.6332,-0.915712,1.11246
4.5781,7.25316,18.6364,0.601049,1.11246,7.08624,5.94821,17.6332,-0.915712,1.11246
3.82316,10.1192,19.1011,-2.30619,1.11246,4.5781,7.25316,18.6364,0.601049,1.11246
1.12036,10.4737,17.8484,-2.22672,1.11246,3.82316,10.1192,19.1011,-2.30619,1.11246
10.1053,6.99546,7.1528,1.27268,1.44359,11.7616,8.00092,9.44315,-2.04395,1.44359
6.20172,6.74932,15.5356,1.17319,1.11246,7.08624,5.94821,17.6332,-0.915712,1.11246
11.4153,9.33012,17.7852,2.15228,1.28573,12.9863,7.5166,15.9844,-0.318699,1.28573
7.71216,7.08554,5.34591,-1.18678,1.44359,10.1053,6.99546,7.1528,1.27268,1.44359
