7.52887,-12.4737,13.1157,2.17707,15.7605,9.02296,-10.5386,14.8544,1.99576,1
7.2098,-8.6062,16.2609,-1.64908,1.01428,9.02296,-10.5386,14.8544,1.99576,1
4.5569,-12.4029,12.7128,0.586629,20.8989,7.52887,-12.4737,13.1157,2.17707,15.7605
1.72445,-13.3724,12.9059,-0.486903,21.6414,4.5569,-12.4029,12.7128,0.586629,20.8989
0.0976264,-14.067,15.3289,-1.90402,21.7246,1.72445,-13.3724,12.9059,-0.486903,21.6414
-1.75607,-12.695,17.2475,0.723527,21.725,0.0976264,-14.067,15.3289,-1.90402,21.7246
4.25575,-9.61486,11.6468,2.27568,22.1384,4.5569,-12.4029,12.7128,0.586629,20.8989
-4.55734,-13.0207,16.2244,-1.73616,21.7312,-1.75607,-12.695,17.2475,0.723527,21.725
-6.73478,-11.6032,17.7243,0.582785,21.7313,-4.55734,-13.0207,16.2244,-1.73616,21.7312
-7.53229,-8.87951,16.752,-0.135836,21.7313,-6.73478,-11.6032,17.7243,0.582785,21.7313
-8.21842,-6.32348,15.3392,-0.56283,21.7313,-7.53229,-8.87951,16.752,-0.135836,21.7313
-9.60065,-6.47963,12.6812,2.43174,21.7313,-8.21842,-6.32348,15.3392,-0.56283,21.7313
-5.90645,-13.6895,17.3513,-0.480858,21.7327,-4.55734,-13.0207,16.2244,-1.73616,21.7312
-0.801364,-13.2803,14.9994,1.83446,21.7439,0.0976264,-14.067,15.3289,-1.90402,21.7246
-4.81134,-13.5461,20.1406,-2.8557,21.7341,-5.90645,-13.6895,17.3513,-0.480858,21.7327
