15.7425,-4.99122,3.80236,-1.56047,27.4668,15.3538,-2.45983,5.36471,0.816366,1
13.0218,-6.23492,3.57729,2.20522,27.5536,15.7425,-4.99122,3.80236,-1.56047,27.4668
13.7054,-0.126562,4.4489,-1.14233,3.43658,15.3538,-2.45983,5.36471,0.816366,1
11.6094,1.81776,3.53998,2.32292,3.61462,13.7054,-0.126562,4.4489,-1.14233,3.43658
8.74662,2.28524,4.30557,-1.3019,3.62573,11.6094,1.81776,3.53998,2.32292,3.61462
6.05179,3.59529,4.45279,-0.728126,3.62605,8.74662,2.28524,4.30557,-1.3019,3.62573
3.85969,1.54895,4.5376,0.150223,3.62684,6.05179,3.59529,4.45279,-0.728126,3.62605
1.37575,0.148649,5.4699,-2.33129,3.62688,3.85969,1.54895,4.5376,0.150223,3.62684
14.7134,2.18739,6.07051,-0.776129,4.78442,13.7054,-0.126562,4.4489,-1.14233,3.43658
1.3012,-2.37702,3.85268,2.10245,3.62688,1.37575,0.148649,5.4699,-2.33129,3.62688
-1.28352,-3.66762,4.66114,-2.95886,3.62689,1.3012,-2.37702,3.85268,2.10245,3.62688
13.058,-7.93418,6.04938,-3.08489,27.5652,13.0218,-6.23492,3.57729,2.20522,27.5536
3.42618,4.42871,3.61986,1.0945,3.62636,6.05179,3.59529,4.45279,-0.728126,3.62605
14.4027,5.11537,5.49564,-2.37664,4.78459,14.7134,2.18739,6.07051,-0.776129,4.78442
2.2209,6.50467,5.41923,-1.177,3.62636,3.42618,4.42871,3.61986,1.0945,3.62636
