6.2397,4.99052,19.1995,1.69805,7.96166,6.56167,3.79259,21.931,1.69537,1
9.02328,3.57858,23.6324,-2.84017,1.2624,6.56167,3.79259,21.931,1.69537,1
6.52745,2.78653,17.1846,-1.45971,9.47001,6.2397,4.99052,19.1995,1.69805,7.96166
3.83118,1.73717,16.3916,0.477683,9.53409,6.52745,2.78653,17.1846,-1.45971,9.47001
2.08604,-0.152657,17.9353,-0.787226,9.57533,3.83118,1.73717,16.3916,0.477683,9.53409
3.58783,3.5005,13.9767,1.88848,9.53976,3.83118,1.73717,16.3916,0.477683,9.53409
3.2801,3.74941,11.0029,0.0575655,9.53976,3.58783,3.5005,13.9767,1.88848,9.53976
0.659038,5.13614,10.548,2.21438,9.53982,3.2801,3.74941,11.0029,0.0575655,9.53976
3.64894,2.93129,8.14032,-1.31344,9.53976,3.2801,3.74941,11.0029,0.0575655,9.53976
7.28029,1.57794,15.8451,2.05885,9.79251,6.52745,2.78653,17.1846,-1.45971,9.47001
11.1095,3.92824,22.044,0.413098,1.52635,9.02328,3.57858,23.6324,-2.84017,1.2624
-1.33429,4.8962,8.31881,1.66345,9.53983,0.659038,5.13614,10.548,2.21438,9.53982
-1.70996,2.13638,9.43337,-1.53003,9.53983,-1.33429,4.8962,8.31881,1.66345,9.53983
-0.423729,0.640069,19.3749,-0.939853,9.57533,2.08604,-0.152657,17.9353,-0.787226,9.57533
-3.98485,6.29139,8.48614,-0.96896,9.53983,-1.33429,4.8962,8.31881,1.66345,9.53983
