-2.95002,-4.79417,2.03369,-2.29069,1,-2.4562,-5.78312,1.01973,-2.97333,1
-4.3448,-5.34294,1.97512,1.34815,1.00045,-2.95002,-4.79417,2.03369,-2.29069,1
-2.39571,-3.4028,1.95106,-0.484978,1,-2.95002,-4.79417,2.03369,-2.29069,1
-2.64006,-5.57419,2.00537,2.65278,1,-2.95002,-4.79417,2.03369,-2.29069,1
-3.11898,-2.10457,2.15479,-0.14145,1,-2.39571,-3.4028,1.95106,-0.484978,1
-0.968598,-5.97142,0.979965,-0.110241,1,-2.4562,-5.78312,1.01973,-2.97333,1
0.485081,-5.61007,0.900932,2.69002,1,-0.968598,-5.97142,0.979965,-0.110241,1
0.51009,-4.23002,1.48814,-0.803269,1,0.485081,-5.61007,0.900932,2.69002,1
1.08222,-2.87424,1.7789,2.68137,1,0.51009,-4.23002,1.48814,-0.803269,1
0.202659,-2.09197,0.84916,-0.574419,1,1.08222,-2.87424,1.7789,2.68137,1
-3.42918,-0.646602,1.98719,0.0785563,1,-3.11898,-2.10457,2.15479,-0.14145,1
2.14974,-3.53615,2.59884,-0.443868,1,1.08222,-2.87424,1.7789,2.68137,1
0.523457,-0.748953,1.43516,-0.0871062,1,0.202659,-2.09197,0.84916,-0.574419,1
-3.74793,0.818834,1.95726,-1.14598,1,-3.42918,-0.646602,1.98719,0.0785563,1
0.603184,-4.40428,2.00169,-2.27396,1,0.51009,-4.23002,1.48814,-0.803269,1
