-3.31739,4.25898,0.923686,2.12116,1,-4.0504,2.96512,0.727174,1.35017,1
-1.88812,4.45974,1.3322,0.306686,1,-3.31739,4.25898,0.923686,2.12116,1
-0.422979,4.13863,1.31674,-2.82402,1,-1.88812,4.45974,1.3322,0.306686,1
-0.449019,4.37046,2.79849,-0.683722,1,-0.422979,4.13863,1.31674,-2.82402,1
-1.02229,3.98919,4.07187,-1.87731,1,-0.449019,4.37046,2.79849,-0.683722,1
-2.29629,4.58133,4.59751,1.92031,1,-1.02229,3.98919,4.07187,-1.87731,1
-3.56344,5.34851,4.83367,-1.50095,1.00001,-2.29629,4.58133,4.59751,1.92031,1
-0.192679,2.7401,4.03301,3.03456,1,-1.02229,3.98919,4.07187,-1.87731,1
-0.945148,4.84276,5.01756,2.6629,1,-1.02229,3.98919,4.07187,-1.87731,1
-0.149123,3.28584,3.9358,-1.71479,1,-0.192679,2.7401,4.03301,3.03456,1
0.269147,1.31912,4.16543,2.38407,1,-0.192679,2.7401,4.03301,3.03456,1
-0.925184,0.437634,4.38119,3.04047,1,0.269147,1.31912,4.16543,2.38407,1
1.07589,0.0554721,4.21396,2.60369,1,0.269147,1.31912,4.16543,2.38407,1
1.0262,4.45534,3.05639,1.28451,1,-0.449019,4.37046,2.79849,-0.683722,1
-4.44021,5.22987,1.13972,-1.74588,1,-3.31739,4.25898,0.923686,2.12116,1
