-2.79799,-0.907375,5.14252,2.17296,4.22012,-1.53623,-0.90332,4.33139,-1.33574,1
-3.69559,-1.68003,4.22201,-1.82773,10.0407,-2.79799,-0.907375,5.14252,2.17296,4.22012
-3.55226,-2.12634,4.00693,1.75081,10.6731,-3.69559,-1.68003,4.22201,-1.82773,10.0407
-0.702356,0.308283,4.03698,-2.42209,1.46859,-1.53623,-0.90332,4.33139,-1.33574,1
0.77138,0.058288,3.91206,0.0650007,1.47015,-0.702356,0.308283,4.03698,-2.42209,1.46859
2.17579,0.183245,4.42394,-1.04536,1.4731,0.77138,0.058288,3.91206,0.0650007,1.47015
1.14589,0.148072,2.46234,-2.05625,2.22639,0.77138,0.058288,3.91206,0.0650007,1.47015
2.72927,-1.20285,4.57356,-1.13873,1.48281,2.17579,0.183245,4.42394,-1.04536,1.4731
-1.46259,1.59569,4.15792,-1.58487,1.89075,-0.702356,0.308283,4.03698,-2.42209,1.46859
2.71998,1.55581,4.68838,2.81677,1.47957,2.17579,0.183245,4.42394,-1.04536,1.4731
-2.17332,2.87772,4.47612,-1.06139,2.12453,-1.46259,1.59569,4.15792,-1.58487,1.89075
0.656976,-1.20708,2.04458,3.01778,2.22654,1.14589,0.148072,2.46234,-2.05625,2.22639
-0.554027,-0.543362,3.64316,-3.00819,2.15247,-0.702356,0.308283,4.03698,-2.42209,1.46859
3.48992,-2.45984,4.87585,1.08488,1.48281,2.72927,-1.20285,4.57356,-1.13873,1.48281
-3.07193,3.91953,3.87851,1.00169,2.53796,-2.17332,2.87772,4.47612,-1.06139,2.12453
