12.0356,6.45324,3.71562,-1.24524,1,9.65504,4.98623,2.97915,2.32128,1
10.137,7.76314,1.99767,0.711835,1.00045,12.0356,6.45324,3.71562,-1.24524,1
6.76574,4.1799,3.02179,1.83446,1,9.65504,4.98623,2.97915,2.32128,1
4.31159,3.68045,4.67335,-2.8557,1,6.76574,4.1799,3.02179,1.83446,1
1.99039,1.78033,4.63314,-0.88495,1,4.31159,3.68045,4.67335,-2.8557,1
10.6327,2.16167,3.23607,3.06266,1,9.65504,4.98623,2.97915,2.32128,1
14.6949,5.16718,3.19151,0.91808,1.04667,12.0356,6.45324,3.71562,-1.24524,1
1.75936,-0.827404,6.09818,-2.6862,1,1.99039,1.78033,4.63314,-0.88495,1
10.9648,6.57693,6.51526,-2.06007,1,12.0356,6.45324,3.71562,-1.24524,1
-0.0963571,3.74547,3.74787,-2.22038,1,1.99039,1.78033,4.63314,-0.88495,1
-2.86333,3.9942,4.88013,2.62254,1,-0.0963571,3.74547,3.74787,-2.22038,1
0.170651,-2.4605,4.14651,3.02294,1,1.75936,-0.827404,6.09818,-2.6862,1
10.8817,0.703364,5.84593,-0.483035,1,10.6327,2.16167,3.23607,3.06266,1
-4.2505,2.01374,6.65595,2.21849,1,-2.86333,3.9942,4.88013,2.62254,1
10.6814,-2.13267,4.88844,-0.425267,1,10.8817,0.703364,5.84593,-0.483035,1
