9.52467,1.2858,4.6325,1.01316,10.8904,8.0614,1.5605,4.8152,-0.744559,1
10.9313,1.70258,4.31973,2.49195,14.0031,9.52467,1.2858,4.6325,1.01316,10.8904
6.56803,1.58652,4.67667,1.22789,1,8.0614,1.5605,4.8152,-0.744559,1
5.10091,1.27423,4.68187,0.519212,1.02856,6.56803,1.58652,4.67667,1.22789,1
3.60759,1.38745,4.59717,-1.36885,1.02856,5.10091,1.27423,4.68187,0.519212,1.02856
2.11481,1.50843,4.51367,-2.082,2.79993,3.60759,1.38745,4.59717,-1.36885,1.02856
5.8385,1.9332,5.66921,0.712375,1,6.56803,1.58652,4.67667,1.22789,1
5.91548,3.42379,5.81824,3.09064,1,5.8385,1.9332,5.66921,0.712375,1
6.27164,4.81428,5.3827,-2.23346,1.0269,5.91548,3.42379,5.81824,3.09064,1
12.3857,1.65906,4.68417,-0.512904,14.5109,10.9313,1.70258,4.31973,2.49195,14.0031
5.84842,4.48454,3.98193,1.84364,1.0269,6.27164,4.81428,5.3827,-2.23346,1.0269
6.51595,5.15165,2.81601,-2.14518,1.02797,5.84842,4.48454,3.98193,1.84364,1.0269
6.74169,0.255042,5.34525,2.6725,1.11603,6.56803,1.58652,4.67667,1.22789,1
7.7204,-0.872431,5.20055,1.9672,1.15123,6.74169,0.255042,5.34525,2.6725,1.11603
6.08755,3.6259,5.53263,-2.77259,1.0215,5.91548,3.42379,5.81824,3.09064,1
