7.98055,1.55026,4.19454,-1.3316,1,9.40954,1.42214,4.63223,0.214711,1
6.49599,1.34218,4.24739,0.772337,1,7.98055,1.55026,4.19454,-1.3316,1
5.08496,1.82583,4.08904,0.611267,1,6.49599,1.34218,4.24739,0.772337,1
3.61553,1.54926,4.2086,-2.69662,1.76518,5.08496,1.82583,4.08904,0.611267,1
2.53819,1.55555,5.25229,0.0586301,1.76845,3.61553,1.54926,4.2086,-2.69662,1.76518
9.16865,-0.0502218,4.78759,-0.516799,1.26641,9.40954,1.42214,4.63223,0.214711,1
8.97869,1.85671,4.68754,-2.47053,1.00883,9.40954,1.42214,4.63223,0.214711,1
9.71574,-1.30881,4.18209,-0.187438,1.81442,9.16865,-0.0502218,4.78759,-0.516799,1.26641
10.6953,1.57408,5.38968,-0.63234,1,9.40954,1.42214,4.63223,0.214711,1
11.1204,2.97827,5.70189,-1.77129,1.00848,10.6953,1.57408,5.38968,-0.63234,1
10.5822,-0.0840705,4.55506,-1.32233,1.26641,9.16865,-0.0502218,4.78759,-0.516799,1.26641
10.702,-1.99648,5.07893,1.16202,1.84826,9.71574,-1.30881,4.18209,-0.187438,1.81442
6.8635,0.629126,5.0285,2.17296,1,6.49599,1.34218,4.24739,0.772337,1
12.3234,3.53607,5.00061,0.922937,1.00848,11.1204,2.97827,5.70189,-1.77129,1.00848
6.65305,0.129967,5.44719,2.37574,1.01548,6.8635,0.629126,5.0285,2.17296,1
