9.58578,0.396835,5.02558,-2.48887,1,10.3617,-0.635156,5.78906,-0.29294,1
8.84196,1.69026,5.17984,1.31154,1.03347,9.58578,0.396835,5.02558,-2.48887,1
7.39686,1.30636,5.06014,-0.656822,1.03421,8.84196,1.69026,5.17984,1.31154,1.03347
5.94601,1.58889,4.8048,2.17394,1.03421,7.39686,1.30636,5.06014,-0.656822,1.03421
4.5339,1.77996,4.33635,-1.54645,1.03421,5.94601,1.58889,4.8048,2.17394,1.03421
3.0746,1.54485,4.59159,-2.55503,1.43141,4.5339,1.77996,4.33635,-1.54645,1.03421
2.87853,1.27623,5.23428,-0.337656,1.43321,3.0746,1.54485,4.59159,-2.55503,1.43141
10.1896,-1.95319,5.09395,-0.0570164,2.76996,10.3617,-0.635156,5.78906,-0.29294,1
9.39271,2.89895,5.87679,0.711777,1.09882,8.84196,1.69026,5.17984,1.31154,1.03347
5.74834,2.83992,5.60844,0.521514,1.03421,5.94601,1.58889,4.8048,2.17394,1.03421
11.5355,0.267617,5.54968,-0.694132,4.43174,10.3617,-0.635156,5.78906,-0.29294,1
9.39408,4.0294,4.89084,1.6584,1.09887,9.39271,2.89895,5.87679,0.711777,1.09882
6.2393,4.25347,5.71252,-0.0248257,1.03421,5.74834,2.83992,5.60844,0.521514,1.03421
5.74452,4.82382,4.41642,-2.25964,1.03437,6.2393,4.25347,5.71252,-0.0248257,1.03421
9.72199,-1.4249,4.72303,-0.379971,3.82557,10.1896,-1.95319,5.09395,-0.0570164,2.76996
