-4.1309,-0.420273,13.2147,1.03355,1,-5.62198,-2.94554,13.8469,-0.454117,1
-4.17917,2.10559,14.8326,2.48898,1,-4.1309,-0.420273,13.2147,1.03355,1
-4.08621,5.06585,14.3549,-1.70463,1,-4.17917,2.10559,14.8326,2.48898,1
-1.99681,6.61073,15.8541,2.56184,1,-4.08621,5.06585,14.3549,-1.70463,1
-4.0419,7.46668,17.8753,0.178968,1,-1.99681,6.61073,15.8541,2.56184,1
-6.5731,8.7465,18.8526,-2.94068,1.00006,-4.0419,7.46668,17.8753,0.178968,1
-7.31627,7.16746,21.2927,-0.662228,1.00025,-6.5731,8.7465,18.8526,-2.94068,1.00006
-3.30714,8.74325,14.2002,0.312964,1,-1.99681,6.61073,15.8541,2.56184,1
-9.30496,9.74965,18.1241,1.94883,1.0001,-6.5731,8.7465,18.8526,-2.94068,1.00006
-6.45057,-5.42789,15.3137,2.75935,1,-5.62198,-2.94554,13.8469,-0.454117,1
-3.82696,-6.72222,14.6493,-0.337867,1,-6.45057,-5.42789,15.3137,2.75935,1
-11.7273,10.2248,16.4193,0.280419,1.00011,-9.30496,9.74965,18.1241,1.94883,1.0001
-1.34125,10.8349,13.3284,-1.41867,1,-3.30714,8.74325,14.2002,0.312964,1
-3.56982,10.4212,17.6565,0.834777,1.00048,-4.0419,7.46668,17.8753,0.178968,1
-4.70198,9.00726,11.5574,2.75501,1,-3.30714,8.74325,14.2002,0.312964,1
