-3.97543,-7.95126,18.0118,-1.03351,22.665,-6.78341,-7.07871,18.6067,-2.31877,1
-1.05986,-8.13921,18.693,2.45411,23.143,-3.97543,-7.95126,18.0118,-1.03351,22.665
1.18287,-9.89575,19.6336,2.96902,24.0253,-1.05986,-8.13921,18.693,2.45411,23.143
1.02697,-10.8822,16.8047,2.85284,24.1419,1.18287,-9.89575,19.6336,2.96902,24.0253
3.55671,-10.2254,15.3319,-1.53285,24.1791,1.02697,-10.8822,16.8047,2.85284,24.1419
5.44514,-8.27158,16.6032,-2.87284,24.181,3.55671,-10.2254,15.3319,-1.53285,24.1791
7.03636,-9.53755,18.809,-0.36395,24.188,5.44514,-8.27158,16.6032,-2.87284,24.181
-4.4266,-7.14244,15.1583,1.52938,23.6313,-3.97543,-7.95126,18.0118,-1.03351,22.665
-9.21346,-5.49868,19.3802,2.32568,20.3391,-6.78341,-7.07871,18.6067,-2.31877,1
-5.32029,-6.09381,21.0335,-0.813208,23.1613,-6.78341,-7.07871,18.6067,-2.31877,1
4.85889,-12.8796,14.8224,-2.1927,24.1845,3.55671,-10.2254,15.3319,-1.53285,24.1791
-4.30863,-8.82371,12.6765,-0.674789,23.7384,-4.4266,-7.14244,15.1583,1.52938,23.6313
-4.11332,-4.25764,14.3969,-2.73053,23.6765,-4.4266,-7.14244,15.1583,1.52938,23.6313
-3.55259,-1.84346,12.7065,-0.189521,23.7528,-4.11332,-4.25764,14.3969,-2.73053,23.6765
-10.5833,-4.984,16.7613,0.620134,22.5182,-9.21346,-5.49868,19.3802,2.32568,20.3391
