-8.31412,3.41226,18.4077,2.33937,4.99492,-5.48839,4.35572,18.054,2.39918,1
-10.5261,4.56185,20.0767,-2.10912,10.2369,-8.31412,3.41226,18.4077,2.33937,4.99492
-10.8878,7.4214,19.2447,-1.58889,10.6207,-10.5261,4.56185,20.0767,-2.10912,10.2369
-11.7167,10.1806,18.4081,-1.45468,10.6816,-10.8878,7.4214,19.2447,-1.58889,10.6207
-8.8173,10.9291,18.5904,2.43152,10.8187,-11.7167,10.1806,18.4081,-1.45468,10.6816
-8.34168,11.552,15.6945,1.68634,10.8328,-8.8173,10.9291,18.5904,2.43152,10.8187
-9.20051,11.8163,12.8323,-1.3172,10.8328,-8.34168,11.552,15.6945,1.68634,10.8328
-9.98493,10.5755,10.2159,-2.29862,10.8329,-9.20051,11.8163,12.8323,-1.3172,10.8328
-8.70578,9.61989,7.67616,-1.33656,10.8329,-9.98493,10.5755,10.2159,-2.29862,10.8329
-2.94409,4.66693,19.6127,0.272031,1.41591,-5.48839,4.35572,18.054,2.39918,1
-9.05695,1.18255,16.5431,0.708525,4.99492,-8.31412,3.41226,18.4077,2.33937,4.99492
-0.294237,5.39496,20.8161,0.239103,1.75566,-2.94409,4.66693,19.6127,0.272031,1.41591
1.35861,3.01791,20.0302,-0.0718077,1.75566,-0.294237,5.39496,20.8161,0.239103,1.75566
-7.84419,-0.261197,14.2097,-0.337989,4.99492,-9.05695,1.18255,16.5431,0.708525,4.99492
-10.4494,7.209,7.29226,-1.61881,10.8329,-8.70578,9.61989,7.67616,-1.33656,10.8329
