3.51882,-2.62319,22.3478,-0.0932746,1.00179,6.41564,-1.8455,22.2876,1.02673,1
4.18116,-4.67567,20.2624,-0.328287,1.00218,3.51882,-2.62319,22.3478,-0.0932746,1.00179
7.19323,1.05186,22.3132,2.86454,1,6.41564,-1.8455,22.2876,1.02673,1
8.03615,3.13669,20.3276,-1.90646,1,7.19323,1.05186,22.3132,2.86454,1
9.81319,3.09067,22.0279,2.11301,1,8.03615,3.13669,20.3276,-1.90646,1
4.86462,2.90301,22.7016,-0.664053,1,7.19323,1.05186,22.3132,2.86454,1
2.68086,4.95888,22.7692,-1.28637,1,4.86462,2.90301,22.7016,-0.664053,1
0.976033,6.30714,20.7014,2.70146,1,2.68086,4.95888,22.7692,-1.28637,1
-0.595152,6.6696,18.1716,-0.792863,1,0.976033,6.30714,20.7014,2.70146,1
-2.20582,6.05603,15.7161,-1.49015,1,-0.595152,6.6696,18.1716,-0.792863,1
-4.2785,6.29883,13.5609,2.47085,1,-2.20582,6.05603,15.7161,-1.49015,1
-2.29509,8.01627,12.1061,-2.8437,1,-4.2785,6.29883,13.5609,2.47085,1
-1.04693,9.24677,9.67136,1.80102,1,-2.29509,8.01627,12.1061,-2.8437,1
1.57993,8.89888,22.0864,-2.80985,1,0.976033,6.30714,20.7014,2.70146,1
11.2648,2.35339,21.6078,-0.819521,1.00984,9.81319,3.09067,22.0279,2.11301,1
