0.224632,4.30128,2.01015,2.37178,1,0.204929,2.8475,1.64119,-0.355821,1
1.29798,5.32661,1.79424,2.49775,1,0.224632,4.30128,2.01015,2.37178,1
2.67329,5.83777,1.48238,-2.74708,1,1.29798,5.32661,1.79424,2.49775,1
3.17133,7.25095,1.55217,1.08856,1.00005,2.67329,5.83777,1.48238,-2.74708,1
0.670549,1.42164,1.63014,-0.171905,1,0.204929,2.8475,1.64119,-0.355821,1
1.00655,-0.0302827,1.45974,2.78038,1,0.670549,1.42164,1.63014,-0.171905,1
0.284658,-1.33801,1.3229,0.754071,1,1.00655,-0.0302827,1.45974,2.78038,1
1.47716,-2.14544,1.74242,-3.10988,1,0.284658,-1.33801,1.3229,0.754071,1
-0.637541,-2.51832,1.40301,0.840229,1,0.284658,-1.33801,1.3229,0.754071,1
-0.769942,5.41762,1.88932,0.492825,1,0.224632,4.30128,2.01015,2.37178,1
2.7582,-2.67905,2.3118,-0.564887,1,1.47716,-2.14544,1.74242,-3.10988,1
-0.490925,-4.00412,1.25842,2.45674,1,-0.637541,-2.51832,1.40301,0.840229,1
4.54701,7.81455,1.35249,2.7389,1.00005,3.17133,7.25095,1.55217,1.08856,1.00005
-1.95556,-4.22414,1.02083,0.527386,1,-0.490925,-4.00412,1.25842,2.45674,1
4.24933,-2.58914,2.17599,-1.78772,1,2.7582,-2.67905,2.3118,-0.564887,1
