4.63013,0.558957,1.82409,-0.443109,13.4199,3.44714,-0.362629,1.78945,-0.594003,2
4.76238,0.517028,1.4327,-0.590717,25.8928,4.63013,0.558957,1.82409,-0.443109,13.4199
4.30569,-1.59066,1.8588,-0.0761205,2,3.44714,-0.362629,1.78945,-0.594003,2
6.2409,0.769734,1.42175,-2.50405,27.9815,4.76238,0.517028,1.4327,-0.590717,25.8928
7.63426,0.253894,1.21568,-1.57478,31.8617,6.2409,0.769734,1.42175,-2.50405,27.9815
3.94013,1.89083,1.81886,1.91753,27.2152,4.63013,0.558957,1.82409,-0.443109,13.4199
4.06552,-2.54594,1.19102,0.230482,2,4.30569,-1.59066,1.8588,-0.0761205,2
6.31044,0.465496,1.89226,1.72162,27.9888,6.2409,0.769734,1.42175,-2.50405,27.9815
2.76741,-3.02182,0.609266,-0.486862,2.0496,4.06552,-2.54594,1.19102,0.230482,2
1.48844,-3.55568,1.18306,-2.66303,2.25731,2.76741,-3.02182,0.609266,-0.486862,2.0496
3.49741,-4.15677,1.26423,2.19765,2.27667,2.76741,-3.02182,0.609266,-0.486862,2.0496
4.35934,-5.17901,1.94402,0.319262,2.27667,3.49741,-4.15677,1.26423,2.19765,2.27667
3.93366,1.91898,0.726029,-0.176759,28.3576,3.94013,1.89083,1.81886,1.91753,27.2152
2.19953,-3.9222,2.04323,0.704675,2.94365,1.48844,-3.55568,1.18306,-2.66303,2.25731
0.410131,-4.59769,1.2211,2.90435,2.25731,1.48844,-3.55568,1.18306,-2.66303,2.25731
