-2.14918,2.65951,4.93581,0.784307,3.18139,-2.93337,1.38468,4.83662,2.49849,2
-0.659382,2.70037,5.10564,0.00761434,3.23516,-2.14918,2.65951,4.93581,0.784307,3.18139
-0.696422,4.17085,4.81184,-1.19271,3.26446,-0.659382,2.70037,5.10564,0.00761434,3.23516
0.657758,4.81593,4.8033,2.58392,3.41532,-0.696422,4.17085,4.81184,-1.19271,3.26446
0.303663,6.12858,5.437,-2.13982,3.46638,0.657758,4.81593,4.8033,2.58392,3.41532
-4.22155,0.919772,4.22468,1.45541,6.08975,-2.93337,1.38468,4.83662,2.49849,2
-3.80471,-0.512071,4.38615,1.00392,7.05813,-4.22155,0.919772,4.22468,1.45541,6.08975
0.478467,1.764,4.82545,0.408724,3.24328,-0.659382,2.70037,5.10564,0.00761434,3.23516
1.97215,1.64981,4.90207,-0.163937,3.25587,0.478467,1.764,4.82545,0.408724,3.24328
2.4199,0.25454,4.58151,2.489,3.38351,1.97215,1.64981,4.90207,-0.163937,3.25587
-4.98408,2.19364,4.43868,-2.25232,6.08975,-4.22155,0.919772,4.22468,1.45541,6.08975
-4.39204,-1.73092,5.03379,-0.464493,7.68147,-3.80471,-0.512071,4.38615,1.00392,7.05813
1.62605,-0.936886,5.02909,0.687385,3.39919,2.4199,0.25454,4.58151,2.489,3.38351
3.43444,1.81712,5.1914,0.450432,3.26018,1.97215,1.64981,4.90207,-0.163937,3.25587
4.6684,1.26304,4.54307,-1.11738,3.26018,3.43444,1.81712,5.1914,0.450432,3.26018
