0.196023,5.42584,1.56959,-0.266964,6.17241,-1.29718,5.30822,1.48884,2.26769,2
0.866446,4.23984,2.19724,-1.2567,6.84604,0.196023,5.42584,1.56959,-0.266964,6.17241
2.07927,3.36924,2.05198,0.300888,6.84973,0.866446,4.23984,2.19724,-1.2567,6.84604
3.47985,3.90403,2.10068,1.15682,6.84973,2.07927,3.36924,2.05198,0.300888,6.84973
3.95358,2.4823,2.03525,2.79526,6.85517,3.47985,3.90403,2.10068,1.15682,6.84973
3.93699,1.15409,1.33841,1.6935,6.8567,3.95358,2.4823,2.03525,2.79526,6.85517
3.58979,-0.300267,1.21886,-2.64831,6.87035,3.93699,1.15409,1.33841,1.6935,6.8567
4.62592,-1.38267,1.28849,-2.33572,6.87083,3.58979,-0.300267,1.21886,-2.64831,6.87035
4.12515,-2.69336,1.81889,-0.552842,6.87083,4.62592,-1.38267,1.28849,-2.33572,6.87083
2.98326,-3.65116,1.64944,-1.68196,6.87153,4.12515,-2.69336,1.81889,-0.552842,6.87083
1.79264,-4.56325,1.67176,2.37349,6.8721,2.98326,-3.65116,1.64944,-1.68196,6.87153
0.950509,-5.76142,1.99611,-2.50247,6.87582,1.79264,-4.56325,1.67176,2.37349,6.8721
0.595896,-3.72183,2.00313,-2.653,6.8721,1.79264,-4.56325,1.67176,2.37349,6.8721
4.28399,1.01485,1.22181,2.05213,6.85741,3.93699,1.15409,1.33841,1.6935,6.8567
3.99031,-4.72916,1.92105,-2.89497,6.87181,2.98326,-3.65116,1.64944,-1.68196,6.87153
