-12.1673,-0.268696,4.44396,0.869742,2,-10.9483,-0.174657,5.31303,1.05832,2
-13.4462,-0.419271,5.21309,0.46419,2.01116,-12.1673,-0.268696,4.44396,0.869742,2
-9.49765,0.206256,5.29036,-1.96067,2,-10.9483,-0.174657,5.31303,1.05832,2
-8.15146,-0.452824,5.23217,3.07634,2,-9.49765,0.206256,5.29036,-1.96067,2
-6.77563,0.0205095,4.86743,-0.976256,2,-8.15146,-0.452824,5.23217,3.07634,2
-5.28265,-0.124381,4.87227,1.7847,2,-6.77563,0.0205095,4.86743,-0.976256,2
-3.81883,0.197944,4.81456,1.77756,2,-5.28265,-0.124381,4.87227,1.7847,2
-3.7818,1.59097,4.25949,0.146024,2.00328,-3.81883,0.197944,4.81456,1.77756,2
-8.03559,-1.85948,4.72433,2.31541,2,-8.15146,-0.452824,5.23217,3.07634,2
-2.29357,1.77854,4.26036,-0.239377,2.00414,-3.7818,1.59097,4.25949,0.146024,2.00328
-0.828873,1.45503,4.25875,-1.32317,2.00414,-2.29357,1.77854,4.26036,-0.239377,2.00414
-7.44771,-3.18935,4.35577,-2.96504,2,-8.03559,-1.85948,4.72433,2.31541,2
0.157408,2.49614,4.69846,0.797438,2.00415,-0.828873,1.45503,4.25875,-1.32317,2.00414
-12.1435,1.2209,4.26917,-0.741065,2.00647,-12.1673,-0.268696,4.44396,0.869742,2
-0.31978,3.89391,4.43668,2.88242,2.0052,0.157408,2.49614,4.69846,0.797438,2.00415
