5.04222,-7.53785,1.6298,2.73878,18.6272,5.33253,-7.61713,1.37179,0.641174,2
4.0696,-8.67955,1.60698,2.61017,30.0644,5.04222,-7.53785,1.6298,2.73878,18.6272
6.55259,-8.46806,1.5651,-0.490895,2,5.33253,-7.61713,1.37179,0.641174,2
6.18707,-6.38718,1.45536,1.83529,2,5.33253,-7.61713,1.37179,0.641174,2
7.22423,-5.35393,1.12874,1.2209,2,6.18707,-6.38718,1.45536,1.83529,2
5.15939,-5.29487,1.48237,1.17214,2,6.18707,-6.38718,1.45536,1.83529,2
5.71008,-3.90183,1.40378,1.4787,2,5.15939,-5.29487,1.48237,1.17214,2
5.90015,-2.41405,1.42347,2.44191,2,5.71008,-3.90183,1.40378,1.4787,2
8.66618,-5.46612,1.03696,1.20796,2,7.22423,-5.35393,1.12874,1.2209,2
5.78144,-2.90492,1.20137,-0.35579,2,5.90015,-2.41405,1.42347,2.44191,2
6.23387,-6.65227,1.18802,0.650017,2,6.18707,-6.38718,1.45536,1.83529,2
7.39471,-2.36472,1.3058,-0.666343,2,5.90015,-2.41405,1.42347,2.44191,2
7.78463,-0.918512,1.22545,-2.89304,2,7.39471,-2.36472,1.3058,-0.666343,2
7.2112,-7.9325,1.17418,-0.353757,2,6.55259,-8.46806,1.5651,-0.490895,2
8.37996,-8.86658,1.06707,-1.47414,2,7.2112,-7.9325,1.17418,-0.353757,2
8.04041,0.492143,0.784283,3.08015,2,7.78463,-0.918512,1.22545,-2.89304,2
7.52964,1.9025,0.788449,1.74301,2.00008,8.04041,0.492143,0.784283,3.08015,2
6.20627,2.60356,0.873293,2.25243,2.00008,7.52964,1.9025,0.788449,1.74301,2.00008
6.53759,4.00242,1.30156,0.457832,2.0001,6.20627,2.60356,0.873293,2.25243,2.00008
5.23426,4.74492,1.29505,-2.40605,2.0001,6.53759,4.00242,1.30156,0.457832,2.0001
3.84563,4.17881,1.33005,-1.44169,2.0001,5.23426,4.74492,1.29505,-2.40605,2.0001
8.90408,2.22302,1.29656,3.09857,2.00008,7.52964,1.9025,0.788449,1.74301,2.00008
2.44167,3.65226,1.28961,0.37587,2.0001,3.84563,4.17881,1.33005,-1.44169,2.0001
1.69437,4.94788,1.40327,0.808012,2.0001,2.44167,3.65226,1.28961,0.37587,2.0001
7.31702,-7.23914,0.934932,1.97609,2,7.2112,-7.9325,1.17418,-0.353757,2
0.327711,5.56188,1.33094,-0.479198,2.0001,1.69437,4.94788,1.40327,0.808012,2.0001
-1.13649,5.88297,1.38591,2.97206,2.0001,0.327711,5.56188,1.33094,-0.479198,2.0001
7.80108,-1.81754,1.93105,-3.04207,2,7.39471,-2.36472,1.3058,-0.666343,2
6.76406,-6.77316,1.23512,-2.83024,4.00818,6.23387,-6.65227,1.18802,0.650017,2
8.67529,-1.89825,0.946722,2.95567,2,7.80108,-1.81754,1.93105,-3.04207,2
