-0.850594,4.89387,1.81418,2.4818,6.83181,0.116126,5.17031,1.40146,-0.741409,2
-2.32962,4.7987,1.58303,-1.54571,11.6577,-0.850594,4.89387,1.81418,2.4818,6.83181
-2.8634,3.95113,0.940496,1.31972,14.0544,-2.32962,4.7987,1.58303,-1.54571,11.6577
-3.16134,3.67475,1.94298,2.07072,16.5698,-2.8634,3.95113,0.940496,1.31972,14.0544
-3.05052,3.86059,1.58117,2.94251,18.7875,-3.16134,3.67475,1.94298,2.07072,16.5698
1.59174,4.90176,1.42269,1.57099,2,0.116126,5.17031,1.40146,-0.741409,2
3.089,4.98732,1.45253,-2.20521,2,1.59174,4.90176,1.42269,1.57099,2
3.39364,3.52052,1.37713,-1.93502,2,3.089,4.98732,1.45253,-2.20521,2
2.72309,2.187,1.22848,2.77766,2,3.39364,3.52052,1.37713,-1.93502,2
-0.0131465,6.65392,1.22204,-1.18784,3.0581,0.116126,5.17031,1.40146,-0.741409,2
1.74455,1.0783,0.977012,-2.92305,2,2.72309,2.187,1.22848,2.77766,2
1.6403,-0.414679,1.07778,-0.765179,2,1.74455,1.0783,0.977012,-2.92305,2
2.2109,-1.79743,1.18923,1.60145,2,1.6403,-0.414679,1.07778,-0.765179,2
0.538714,0.988702,1.81742,1.04496,2,1.74455,1.0783,0.977012,-2.92305,2
1.17087,-2.87832,1.19274,-2.55211,2,2.2109,-1.79743,1.18923,1.60145,2
-0.279003,-3.26281,1.18635,0.568179,2,1.17087,-2.87832,1.19274,-2.55211,2
4.49794,5.47492,1.28782,1.15514,2,3.089,4.98732,1.45253,-2.20521,2
5.87503,4.88035,1.27684,2.50541,2,4.49794,5.47492,1.28782,1.15514,2
3.56078,-2.4281,1.0158,0.0448241,2,2.2109,-1.79743,1.18923,1.60145,2
-1.70108,-3.14287,1.64822,0.420762,2,-0.279003,-3.26281,1.18635,0.568179,2
-3.12154,-3.50005,1.32462,2.16494,2,-1.70108,-3.14287,1.64822,0.420762,2
6.85081,3.74153,1.30729,-0.0397233,2,5.87503,4.88035,1.27684,2.50541,2
8.05534,2.86225,1.14612,-1.37408,2,6.85081,3.74153,1.30729,-0.0397233,2
1.88197,-0.756019,1.66231,0.466118,2,1.6403,-0.414679,1.07778,-0.765179,2
-1.22473,4.30109,1.61722,2.66586,15.5578,-0.850594,4.89387,1.81418,2.4818,6.83181
3.77233,-3.88761,1.28981,1.80805,2,3.56078,-2.4281,1.0158,0.0448241,2
1.65711,-3.77082,1.59202,-2.58589,2,1.17087,-2.87832,1.19274,-2.55211,2
8.00762,4.64389,1.61959,1.75695,2.00036,6.85081,3.74153,1.30729,-0.0397233,2
6.36119,4.52312,1.08151,-1.52603,2,5.87503,4.88035,1.27684,2.50541,2
7.63709,1.43455,1.33773,-3.07447,2,8.05534,2.86225,1.14612,-1.37408,2
