-6.66129,-8.49387,1.79836,2.88757,6.07747,-5.25415,-9.01164,1.84164,2.47464,2
-6.75761,-8.11047,0.884969,2.50187,9.79478,-6.66129,-8.49387,1.79836,2.88757,6.07747
-6.54599,-6.6256,0.865139,1.99734,11.6191,-6.75761,-8.11047,0.884969,2.50187,9.79478
-5.24777,-5.87478,0.894555,2.32354,12.0671,-6.54599,-6.6256,0.865139,1.99734,11.6191
-3.79513,-5.50085,0.900345,-1.73423,12.0749,-5.24777,-5.87478,0.894555,2.32354,12.0671
-3.99825,-8.34648,1.36176,-2.28907,2.42324,-5.25415,-9.01164,1.84164,2.47464,2
-2.31117,-5.29389,0.971249,-0.477856,12.3048,-3.79513,-5.50085,0.900345,-1.73423,12.0749
-7.29505,-5.3291,0.954528,-1.98738,11.8831,-6.54599,-6.6256,0.865139,1.99734,11.6191
-8.056,-8.99747,1.57216,-0.159139,6.07747,-6.66129,-8.49387,1.79836,2.88757,6.07747
-8.3524,-5.78525,0.920861,-1.59103,12.0292,-7.29505,-5.3291,0.954528,-1.98738,11.8831
-6.97803,-7.43068,1.89855,-0.224788,6.268,-6.66129,-8.49387,1.79836,2.88757,6.07747
-8.30469,-7.99037,1.89415,2.99409,6.54102,-8.056,-8.99747,1.57216,-0.159139,6.07747
-6.98966,-9.35148,0.714685,-0.597341,9.79478,-6.75761,-8.11047,0.884969,2.50187,9.79478
-2.63109,-8.96358,1.37039,-2.66181,2.42324,-3.99825,-8.34648,1.36176,-2.28907,2.42324
-7.8392,-8.8924,1.45081,-0.491566,6.07747,-8.056,-8.99747,1.57216,-0.159139,6.07747
-1.15832,-9.24004,1.43762,-2.55312,2.42324,-2.63109,-8.96358,1.37039,-2.66181,2.42324
0.324851,-9.04693,1.32403,2.68197,2.42324,-1.15832,-9.24004,1.43762,-2.55312,2.42324
1.71151,-8.48707,1.44118,-2.31986,2.42324,0.324851,-9.04693,1.32403,2.68197,2.42324
-3.87522,-8.10778,0.846542,0.071881,2.42324,-3.99825,-8.34648,1.36176,-2.28907,2.42324
-8.16058,-6.29442,1.66605,-3.08921,12.2119,-8.3524,-5.78525,0.920861,-1.59103,12.0292
3.19842,-8.29998,1.377,0.787619,2.42324,1.71151,-8.48707,1.44118,-2.31986,2.42324
-7.11682,-8.09064,0.94048,1.88212,12.7403,-6.75761,-8.11047,0.884969,2.50187,9.79478
-6.78987,-7.5287,0.813526,2.32518,13.3477,-6.75761,-8.11047,0.884969,2.50187,9.79478
4.67995,-8.42079,1.57814,-2.73676,2.42324,3.19842,-8.29998,1.377,0.787619,2.42324
5.73201,-7.35726,1.46823,2.29924,2.42324,4.67995,-8.42079,1.57814,-2.73676,2.42324
6.1187,-5.90986,1.39411,0.0766189,2.42324,5.73201,-7.35726,1.46823,2.29924,2.42324
7.46506,-5.27823,1.58999,1.93193,2.42324,6.1187,-5.90986,1.39411,0.0766189,2.42324
-7.6059,-7.4162,1.57029,1.05117,7.11571,-6.97803,-7.43068,1.89855,-0.224788,6.268
5.16057,-6.49475,1.80182,-2.73257,2.42324,5.73201,-7.35726,1.46823,2.29924,2.42324
-1.73661,-7.93754,1.68697,-0.613382,2.42324,-2.63109,-8.96358,1.37039,-2.66181,2.42324
