3.92836,4.07262,1.27805,2.48982,2.04535,5.26334,3.39095,1.33424,-1.39453,2
2.86549,3.0142,1.27132,-2.0302,2.17209,3.92836,4.07262,1.27805,2.48982,2.04535
1.36825,3.10324,1.28994,0.0873788,2.17209,2.86549,3.0142,1.27132,-2.0302,2.17209
0.821604,4.49861,1.22576,0.189101,2.17209,1.36825,3.10324,1.28994,0.0873788,2.17209
-0.640506,4.83308,1.24503,-2.31605,2.63943,0.821604,4.49861,1.22576,0.189101,2.17209
-0.280173,4.29857,1.56976,-1.94639,2.86788,-0.640506,4.83308,1.24503,-2.31605,2.63943
0.92747,1.67036,1.34038,2.62019,2.17209,1.36825,3.10324,1.28994,0.0873788,2.17209
6.73695,3.38428,1.61431,-0.200345,2,5.26334,3.39095,1.33424,-1.39453,2
1.57122,0.315763,1.31466,3.13653,2.18507,0.92747,1.67036,1.34038,2.62019,2.17209
2.27032,4.51767,1.61418,-2.27922,2.17227,0.821604,4.49861,1.22576,0.189101,2.17209
2.34823,5.99553,1.36953,-1.68933,2.17281,2.27032,4.51767,1.61418,-2.27922,2.17227
0.809569,-0.96965,1.44731,2.01098,2.18729,1.57122,0.315763,1.31466,3.13653,2.18507
0.83601,-2.46813,1.50943,-1.90754,2.24829,0.809569,-0.96965,1.44731,2.01098,2.18729
2.27349,-2.89054,1.43716,0.0334146,2.26992,0.83601,-2.46813,1.50943,-1.90754,2.24829
1.37187,0.990106,1.19141,0.27004,2.18507,1.57122,0.315763,1.31466,3.13653,2.18507
7.10017,3.63939,1.00484,0.829578,2.5884,6.73695,3.38428,1.61431,-0.200345,2
8.41082,3.01746,1.38617,2.86198,2.60554,7.10017,3.63939,1.00484,0.829578,2.5884
-0.400899,-3.307,1.38154,1.09887,2.25001,0.83601,-2.46813,1.50943,-1.90754,2.24829
7.9575,4.86956,0.964086,1.2799,4.59276,7.10017,3.63939,1.00484,0.829578,2.5884
0.41985,1.47606,0.66496,0.449424,2.17209,0.92747,1.67036,1.34038,2.62019,2.17209
9.26327,5.5126,1.32668,0.4435,4.60317,7.9575,4.86956,0.964086,1.2799,4.59276
5.01516,4.99309,1.09718,-0.825708,2.04535,3.92836,4.07262,1.27805,2.48982,2.04535
-1.00409,6.21815,1.69154,0.183324,2.63943,-0.640506,4.83308,1.24503,-2.31605,2.63943
-2.09467,4.52463,1.04439,-2.96917,2.97021,-0.640506,4.83308,1.24503,-2.31605,2.63943
2.03701,-1.48449,1.09074,2.14199,2.19086,0.809569,-0.96965,1.44731,2.01098,2.18729
3.58218,-3.61428,1.32077,0.0323382,2.29384,2.27349,-2.89054,1.43716,0.0334146,2.26992
-1.15662,-2.05506,1.04758,1.48759,2.25066,-0.400899,-3.307,1.38154,1.09887,2.25001
8.44492,6.76719,1.24719,1.994,5.27279,9.26327,5.5126,1.32668,0.4435,4.60317
-2.57215,-1.64461,1.32654,2.23098,2.25066,-1.15662,-2.05506,1.04758,1.48759,2.25066
1.61203,-0.790775,0.890209,1.90171,2.19086,2.03701,-1.48449,1.09074,2.14199,2.19086
