1.07375,-0.143961,1.50104,-0.652373,1.7402,1.58725,1.26494,1.46479,-0.197171,1
0.0778241,-1.26384,1.43783,0.972443,1.7402,1.07375,-0.143961,1.50104,-0.652373,1.7402
0.490294,-2.70532,1.48276,-1.40194,3.58553,0.0778241,-1.26384,1.43783,0.972443,1.7402
1.77606,-3.47752,1.46035,-1.107,4.67552,0.490294,-2.70532,1.48276,-1.40194,3.58553
2.36122,-3.49811,1.54712,0.13297,4.73377,1.77606,-3.47752,1.46035,-1.107,4.67552
3.77466,-3.037,1.34818,2.24467,4.73377,2.36122,-3.49811,1.54712,0.13297,4.73377
0.790957,2.53549,1.50514,-0.03437,1,1.58725,1.26494,1.46479,-0.197171,1
-0.914035,-3.23003,1.43244,1.23008,3.58553,0.490294,-2.70532,1.48276,-1.40194,3.58553
3.04706,1.60862,1.49382,-0.460586,1,1.58725,1.26494,1.46479,-0.197171,1
-0.108384,-1.4473,1.75434,-0.229278,2.20378,0.0778241,-1.26384,1.43783,0.972443,1.7402
1.20519,3.97194,1.38261,2.34814,1,0.790957,2.53549,1.50514,-0.03437,1
-0.215021,4.45462,1.37857,2.30211,1,1.20519,3.97194,1.38261,2.34814,1
-2.38344,-2.94288,1.34088,-2.9757,3.93973,-0.914035,-3.23003,1.43244,1.23008,3.58553
1.70913,5.38472,1.3721,-0.885131,1,1.20519,3.97194,1.38261,2.34814,1
-1.03546,4.00743,1.02238,-0.408965,1,-0.215021,4.45462,1.37857,2.30211,1
