7.27373,3.93343,0.933567,0.181125,7.03401,6.15032,4.92631,0.979854,-1.24769,1
7.0689,2.44808,0.891572,-1.83355,9.36483,7.27373,3.93343,0.933567,0.181125,7.03401
6.46446,1.12552,1.25965,-2.71983,9.36483,7.0689,2.44808,0.891572,-1.83355,9.36483
4.7066,5.32876,1.04088,-0.601297,1.81672,6.15032,4.92631,0.979854,-1.24769,1
5.20268,0.315466,1.21782,1.35308,9.36483,6.46446,1.12552,1.25965,-2.71983,9.36483
3.24992,5.68634,1.0553,-0.617693,1.81672,4.7066,5.32876,1.04088,-0.601297,1.81672
8.45802,4.84735,0.822975,-0.639573,8.81325,7.27373,3.93343,0.933567,0.181125,7.03401
1.83448,5.18983,1.05917,-2.05962,1.83801,3.24992,5.68634,1.0553,-0.617693,1.81672
0.421473,4.68965,1.1159,1.06482,1.83801,1.83448,5.18983,1.05917,-2.05962,1.83801
0.781804,3.57053,0.998042,-2.81483,1.83854,0.421473,4.68965,1.1159,1.06482,1.83801
-0.320864,5.98826,1.22783,2.34757,1.83801,0.421473,4.68965,1.1159,1.06482,1.83801
-1.33377,4.93547,0.887735,0.804876,1.83801,-0.320864,5.98826,1.22783,2.34757,1.83801
-2.52913,4.08668,1.20498,2.84667,1.83801,-1.33377,4.93547,0.887735,0.804876,1.83801
3.16198,4.18987,1.00183,1.69738,1.81672,3.24992,5.68634,1.0553,-0.617693,1.81672
6.05987,4.4304,1.42054,2.40393,1,6.15032,4.92631,0.979854,-1.24769,1
