-8.48558,-1.80845,1.69671,0.791524,1.00803,-8.41583,-3.30465,1.77753,1.07575,1
-7.48793,-0.720861,1.96475,-1.08338,1.0801,-8.48558,-1.80845,1.69671,0.791524,1.00803
-8.5946,0.199685,1.54299,-1.78713,1.11214,-7.48793,-0.720861,1.96475,-1.08338,1.0801
-8.65362,1.67239,1.82165,2.24067,1.11214,-8.5946,0.199685,1.54299,-1.78713,1.11214
-7.45741,2.56531,1.67403,-1.43195,1.11278,-8.65362,1.67239,1.82165,2.24067,1.11214
-7.3662,4.03125,1.36956,2.36474,1.1138,-7.45741,2.56531,1.67403,-1.43195,1.11278
-5.86768,3.97866,1.32863,2.22195,1.12269,-7.3662,4.03125,1.36956,2.36474,1.1138
-6.92267,-3.44582,1.80086,-3.11441,1,-8.41583,-3.30465,1.77753,1.07575,1
-7.36693,5.51766,1.16811,-1.34916,1.1138,-7.3662,4.03125,1.36956,2.36474,1.1138
-7.51034,6.9849,1.44495,-1.18507,1.1138,-7.36693,5.51766,1.16811,-1.34916,1.1138
-8.39294,-4.66705,2.40468,1.84703,1,-8.41583,-3.30465,1.77753,1.07575,1
-5.43979,-3.44085,1.57498,2.35297,1,-6.92267,-3.44582,1.80086,-3.11441,1
-4.05927,-4.02053,1.66515,-1.64387,1,-5.43979,-3.44085,1.57498,2.35297,1
-2.5813,-3.76673,1.69995,-0.259358,1,-4.05927,-4.02053,1.66515,-1.64387,1
-8.3869,-6.15411,2.20813,0.280325,1.00781,-8.39294,-4.66705,2.40468,1.84703,1
