4.45794,3.37177,1.67224,0.293032,1.0411,3.36465,2.34519,1.70129,-0.98883,1
4.73279,4.84231,1.78171,1.11253,1.11696,4.45794,3.37177,1.67224,0.293032,1.0411
4.27228,6.07192,2.50695,-1.36147,1.11938,4.73279,4.84231,1.78171,1.11253,1.11696
2.78944,6.25541,2.37463,-1.89671,1.12008,4.27228,6.07192,2.50695,-1.36147,1.11938
5.08469,7.32526,2.64528,0.778361,1.11938,4.27228,6.07192,2.50695,-1.36147,1.11938
3.60951,0.865336,1.70939,-2.91176,1,3.36465,2.34519,1.70129,-0.98883,1
5.97337,7.75677,1.51655,2.15927,1.11938,5.08469,7.32526,2.64528,0.778361,1.11938
3.16592,-0.48748,2.18174,-1.90852,1,3.60951,0.865336,1.70939,-2.91176,1
7.0908,7.52985,2.49115,-2.23689,1.11938,5.97337,7.75677,1.51655,2.15927,1.11938
3.47947,-1.95116,2.0852,2.43411,1.00917,3.16592,-0.48748,2.18174,-1.90852,1
8.55477,7.49221,2.16652,1.90958,1.11938,7.0908,7.52985,2.49115,-2.23689,1.11938
3.0639,-3.39193,2.12395,-0.991376,1.00917,3.47947,-1.95116,2.0852,2.43411,1.00917
2.85366,-4.58798,1.24347,0.545371,1.00917,3.0639,-3.39193,2.12395,-0.991376,1.00917
3.67399,-3.75577,1.6853,-1.49279,1.00917,3.0639,-3.39193,2.12395,-0.991376,1.00917
5.5274,7.13088,2.70581,1.76412,1.11938,5.08469,7.32526,2.64528,0.778361,1.11938
