12.1824,-3.2027,0.557873,-0.0663744,2,11.53,-3.33492,1.90207,2.80147,2
12.198,-3.22635,1.09893,-1.36706,5.75546,12.1824,-3.2027,0.557873,-0.0663744,2
12.2007,-4.69157,0.947787,1.81136,5.91553,12.198,-3.22635,1.09893,-1.36706,5.75546
11.2726,-1.90064,2.2579,1.55961,2.47615,11.53,-3.33492,1.90207,2.80147,2
11.8443,-1.77418,1.0924,1.69625,2.48008,11.2726,-1.90064,2.2579,1.55961,2.47615
11.3733,-0.364355,0.891034,1.05753,2.48008,11.8443,-1.77418,1.0924,1.69625,2.48008
11.2245,1.00943,1.47462,-1.51393,2.48272,11.3733,-0.364355,0.891034,1.05753,2.48008
11.6663,2.38244,1.88652,-2.25322,2.48583,11.2245,1.00943,1.47462,-1.51393,2.48272
12.3054,3.72336,2.09512,-2.93146,2.49749,11.6663,2.38244,1.88652,-2.25322,2.48583
12.0275,2.81409,1.35623,0.259823,2.48837,11.6663,2.38244,1.88652,-2.25322,2.48583
10.7491,0.505705,1.24848,-2.13848,2.48272,11.2245,1.00943,1.47462,-1.51393,2.48272
9.2949,0.325607,1.56918,-0.0375497,2.48272,10.7491,0.505705,1.24848,-2.13848,2.48272
7.80552,0.498303,1.61304,0.0321437,2.48272,9.2949,0.325607,1.56918,-0.0375497,2.48272
6.32991,0.537043,1.87964,-2.99398,2.48272,7.80552,0.498303,1.61304,0.0321437,2.48272
4.99864,-0.151358,1.94154,0.219171,2.48272,6.32991,0.537043,1.87964,-2.99398,2.48272
3.64732,-0.751012,2.1952,1.60011,2.48369,4.99864,-0.151358,1.94154,0.219171,2.48272
4.05837,-1.85406,1.2655,-0.489263,2.4837,3.64732,-0.751012,2.1952,1.60011,2.48369
4.1536,-3.31981,1.56966,0.448034,2.4837,4.05837,-1.85406,1.2655,-0.489263,2.4837
3.10875,0.644893,2.30191,-1.97708,2.48539,3.64732,-0.751012,2.1952,1.60011,2.48369
11.6799,5.00638,1.634,-0.911793,2.51138,12.3054,3.72336,2.09512,-2.93146,2.49749
8.59593,0.256956,1.62097,-0.644665,2.48272,9.2949,0.325607,1.56918,-0.0375497,2.48272
12.0011,4.06046,0.736735,2.67029,2.51555,11.6799,5.00638,1.634,-0.911793,2.51138
4.64528,-4.71396,1.82381,-0.366195,2.4837,4.1536,-3.31981,1.56966,0.448034,2.4837
3.5798,0.660333,1.06865,-1.77816,2.48539,3.10875,0.644893,2.30191,-1.97708,2.48539
3.69648,2.15067,0.944982,-1.53868,2.48541,3.5798,0.660333,1.06865,-1.77816,2.48539
2.80263,3.30606,1.2857,0.408273,2.48541,3.69648,2.15067,0.944982,-1.53868,2.48541
1.40496,2.7881,1.11768,-0.341719,2.48541,2.80263,3.30606,1.2857,0.408273,2.48541
0.223618,3.6931,1.30588,-3.04006,2.48541,1.40496,2.7881,1.11768,-0.341719,2.48541
-0.768978,2.61289,1.61877,1.77879,2.48541,0.223618,3.6931,1.30588,-3.04006,2.48541
-0.41161,4.89022,1.94883,0.635777,2.48541,0.223618,3.6931,1.30588,-3.04006,2.48541
