0.253298,-6.69153,1.91715,0.0648335,29.2404,-1.23465,-6.67682,1.72793,-2.26676,1
1.02816,-7.9377,1.60624,-2.5439,29.331,0.253298,-6.69153,1.91715,0.0648335,29.2404
1.08599,-7.59759,1.97847,2.29495,31.8243,1.02816,-7.9377,1.60624,-2.5439,29.331
-2.71054,-6.45974,1.57102,-0.748177,1.90978,-1.23465,-6.67682,1.72793,-2.26676,1
-4.08349,-5.87285,1.71437,-1.21337,1.90978,-2.71054,-6.45974,1.57102,-0.748177,1.90978
-3.45176,-4.52,1.85826,-0.378412,1.93718,-4.08349,-5.87285,1.71437,-1.21337,1.90978
-3.79436,-3.05979,1.8782,0.556881,1.95376,-3.45176,-4.52,1.85826,-0.378412,1.93718
-2.13046,-7.36853,1.67083,2.49112,1.93809,-2.71054,-6.45974,1.57102,-0.748177,1.90978
1.42062,-7.93929,1.74728,-0.371654,40.4668,1.02816,-7.9377,1.60624,-2.5439,29.331
-3.73984,-1.56695,2.01409,2.77062,1.95376,-3.79436,-3.05979,1.8782,0.556881,1.95376
-1.39851,-6.80634,1.96331,0.955265,3.97249,-1.23465,-6.67682,1.72793,-2.26676,1
-3.10854,-6.96488,2.91266,1.07682,1.93537,-2.71054,-6.45974,1.57102,-0.748177,1.90978
-3.53047,-0.082522,1.96269,-2.89936,1.95384,-3.73984,-1.56695,2.01409,2.77062,1.95376
-2.79058,1.1965,2.22089,2.05687,1.95429,-3.53047,-0.082522,1.96269,-2.89936,1.95384
-4.37782,-7.75854,3.00777,-0.447471,1.93537,-3.10854,-6.96488,2.91266,1.07682,1.93537
