-4.04397,5.6271,2.08493,2.6266,1.18328,-5.51845,5.89142,2.00724,-1.27127,1
-2.61558,6.05565,1.92353,2.73856,1.29507,-4.04397,5.6271,2.08493,2.6266,1.18328
-2.91738,7.44792,2.39313,-1.11175,1.29602,-2.61558,6.05565,1.92353,2.73856,1.29507
-3.57687,7.09697,2.82031,-0.624419,1.29608,-2.91738,7.44792,2.39313,-1.11175,1.29602
-3.99884,4.13727,1.91647,0.639999,1.20604,-4.04397,5.6271,2.08493,2.6266,1.18328
-4.47025,4.18538,1.54393,0.412389,1.22387,-3.99884,4.13727,1.91647,0.639999,1.20604
-6.69694,6.61623,1.42773,0.215488,1.1162,-5.51845,5.89142,2.00724,-1.27127,1
-3.40757,2.77262,1.72122,-1.56694,1.20604,-3.99884,4.13727,1.91647,0.639999,1.20604
-4.31522,1.58554,1.59081,-3.00076,1.20604,-3.40757,2.77262,1.72122,-1.56694,1.20604
-5.51347,0.684214,1.5484,-0.483147,1.21321,-4.31522,1.58554,1.59081,-3.00076,1.20604
-4.45883,6.41489,2.86371,1.64005,1.29608,-3.57687,7.09697,2.82031,-0.624419,1.29608
-4.41257,5.47611,1.0675,1.99171,1.18328,-4.04397,5.6271,2.08493,2.6266,1.18328
-7.86622,7.55171,1.34035,-1.76339,1.1162,-6.69694,6.61623,1.42773,0.215488,1.1162
-7.68241,5.68765,2.07317,-1.90056,1.11687,-6.69694,6.61623,1.42773,0.215488,1.1162
-2.75089,2.41119,3.0205,1.80158,1.21774,-3.40757,2.77262,1.72122,-1.56694,1.20604
