3.2882,-6.23398,3.08438,1.96525,1.01464,3.04574,-4.77636,2.82643,-3.08822,1
4.64381,-5.82786,3.58177,1.38996,1.02468,3.2882,-6.23398,3.08438,1.96525,1.01464
6.08106,-6.25616,3.61133,-2.82575,1.0542,4.64381,-5.82786,3.58177,1.38996,1.02468
6.37428,-7.61202,3.04066,2.31789,1.05723,6.08106,-6.25616,3.61133,-2.82575,1.0542
2.09862,-7.14419,3.16452,0.836414,1.02468,3.2882,-6.23398,3.08438,1.96525,1.01464
2.04448,-3.94631,2.0791,0.879819,1,3.04574,-4.77636,2.82643,-3.08822,1
6.95894,-5.15842,3.0876,0.939947,1.05499,6.08106,-6.25616,3.61133,-2.82575,1.0542
0.639728,-7.38285,2.91019,-1.29912,1.02511,2.09862,-7.14419,3.16452,0.836414,1.02468
1.04476,-2.83416,2.19609,-1.8248,1.0482,2.04448,-3.94631,2.0791,0.879819,1
5.52685,-7.87359,2.42904,-1.04431,1.05723,6.37428,-7.61202,3.04066,2.31789,1.05723
0.89434,-1.34544,2.30133,2.71669,1.0482,1.04476,-2.83416,2.19609,-1.8248,1.0482
7.37576,-5.99011,1.91094,-1.92127,1.05647,6.95894,-5.15842,3.0876,0.939947,1.05499
-0.277736,-8.08417,1.9529,-2.91354,1.02511,0.639728,-7.38285,2.91019,-1.29912,1.02511
8.59112,-6.58152,2.56143,-1.66713,1.05647,7.37576,-5.99011,1.91094,-1.92127,1.05647
1.04238,0.146768,2.33876,-0.323846,1.04825,0.89434,-1.34544,2.30133,2.71669,1.0482
