-0.600375,8.81768,24.3498,1.61799,6.62467,0.331737,7.61314,21.7652,2.79726,1
-2.9506,10.2101,23.1099,-0.566895,6.75331,-0.600375,8.81768,24.3498,1.61799,6.62467
-5.84319,11.0038,23.0543,-1.24181,6.75376,-2.9506,10.2101,23.1099,-0.566895,6.75331
-6.0454,8.29052,21.7904,2.0246,6.77202,-5.84319,11.0038,23.0543,-1.24181,6.75376
0.800707,6.83783,18.9053,3.04671,1,0.331737,7.61314,21.7652,2.79726,1
-8.77488,11.3997,22.5558,1.13359,6.84573,-5.84319,11.0038,23.0543,-1.24181,6.75376
-7.23746,5.5581,21.4544,-0.829824,6.77203,-6.0454,8.29052,21.7904,2.0246,6.77202
0.340479,4.18607,17.58,1.79318,1,0.800707,6.83783,18.9053,3.04671,1
-1.01421,2.12553,15.8715,2.57124,1,0.340479,4.18607,17.58,1.79318,1
2.61408,2.48685,18.5513,1.29646,1,0.340479,4.18607,17.58,1.79318,1
-0.0852793,-0.164773,14.1711,-1.21721,1,-1.01421,2.12553,15.8715,2.57124,1
-8.65766,3.06513,20.578,-1.35001,6.77203,-7.23746,5.5581,21.4544,-0.829824,6.77203
-9.15524,11.286,19.5822,-1.69831,6.84573,-8.77488,11.3997,22.5558,1.13359,6.84573
-3.57977,0.590491,15.6235,1.61406,1,-1.01421,2.12553,15.8715,2.57124,1
-4.23664,8.67163,19.4275,1.47967,6.77358,-6.0454,8.29052,21.7904,2.0246,6.77202
