6.75442,0.0393963,21.4007,-1.24372,2.09066,5.74357,-2.77655,21.6211,0.592687,1
3.93428,1.0288,21.1401,1.345,2.46546,6.75442,0.0393963,21.4007,-1.24372,2.09066
7.2347,-3.88352,19.265,-0.0985729,2.02461,5.74357,-2.77655,21.6211,0.592687,1
4.66047,3.919,21.4857,-0.797215,2.6927,3.93428,1.0288,21.1401,1.345,2.46546
0.962642,0.618021,21.1654,-1.22459,2.50847,3.93428,1.0288,21.1401,1.345,2.46546
-0.877078,-1.75079,21.23,-0.743517,2.53122,0.962642,0.618021,21.1654,-1.22459,2.50847
-2.78665,-4.06087,21.3606,-2.66468,2.67631,-0.877078,-1.75079,21.23,-0.743517,2.53122
2.41718,5.89823,21.2614,-2.04875,2.69322,4.66047,3.919,21.4857,-0.797215,2.6927
4.39508,7.8248,20.0883,2.17072,2.78743,2.41718,5.89823,21.2614,-2.04875,2.69322
2.23004,-0.979103,23.366,-1.03561,2.50978,0.962642,0.618021,21.1654,-1.22459,2.50847
-3.18756,-4.55166,18.4283,2.2771,2.68503,-2.78665,-4.06087,21.3606,-2.66468,2.67631
0.429151,7.26923,19.8042,-2.67871,2.69526,2.41718,5.89823,21.2614,-2.04875,2.69322
-0.165879,9.84181,21.2282,-0.611525,2.70251,0.429151,7.26923,19.8042,-2.67871,2.69526
-1.31094,-6.64848,21.7164,2.88175,2.70208,-2.78665,-4.06087,21.3606,-2.66468,2.67631
-1.78597,6.59493,17.8967,2.97911,2.69559,0.429151,7.26923,19.8042,-2.67871,2.69526
