5.91541,2.76825,4.21627,0.370143,3.26306,5.6288,3.4965,4.42215,0.919705,2
5.8102,1.87719,5.01791,-3.06349,12.0308,5.91541,2.76825,4.21627,0.370143,3.26306
5.71903,1.51266,5.1916,2.58579,21.6502,5.8102,1.87719,5.01791,-3.06349,12.0308
4.27509,1.26267,4.87141,-2.30666,22.965,5.71903,1.51266,5.1916,2.58579,21.6502
6.07262,4.88606,4.07264,2.63495,2,5.6288,3.4965,4.42215,0.919705,2
7.40159,4.7449,3.39153,-1.45414,2.2055,6.07262,4.88606,4.07264,2.63495,2
6.14108,5.06517,3.15783,1.63676,2,6.07262,4.88606,4.07264,2.63495,2
7.24275,1.62487,4.65168,2.25376,13.5079,5.8102,1.87719,5.01791,-3.06349,12.0308
7.24294,0.125281,4.68686,-0.9974,17.6519,7.24275,1.62487,4.65168,2.25376,13.5079
6.4967,4.21044,4.44987,2.73634,3.99786,6.07262,4.88606,4.07264,2.63495,2
5.57744,1.73095,4.76289,-2.72389,19.8586,5.8102,1.87719,5.01791,-3.06349,12.0308
7.05166,4.40243,3.93552,-2.38627,2.34617,7.40159,4.7449,3.39153,-1.45414,2.2055
7.31565,3.15831,3.14024,-1.00982,2.34617,7.05166,4.40243,3.93552,-2.38627,2.34617
7.3553,2.68015,1.71905,-0.341637,2.34617,7.31565,3.15831,3.14024,-1.00982,2.34617
7.5339,1.3864,0.981266,-2.49334,2.34617,7.3553,2.68015,1.71905,-0.341637,2.34617
6.52251,0.398392,1.4822,-2.35148,2.34617,7.5339,1.3864,0.981266,-2.49334,2.34617
7.36529,-0.735859,0.979003,1.57657,2.34617,6.52251,0.398392,1.4822,-2.35148,2.34617
6.93572,-2.16049,1.16846,-2.37753,2.34626,7.36529,-0.735859,0.979003,1.57657,2.34617
6.33445,-3.18595,2.08329,-2.683,2.34626,6.93572,-2.16049,1.16846,-2.37753,2.34626
7.24593,-4.27177,2.57341,2.15555,2.34628,6.33445,-3.18595,2.08329,-2.683,2.34626
7.091,-5.12828,1.35178,2.40433,2.34629,7.24593,-4.27177,2.57341,2.15555,2.34628
5.27217,0.566997,0.670895,-2.8832,2.34617,6.52251,0.398392,1.4822,-2.35148,2.34617
3.79126,0.32856,0.664895,-2.02315,2.34626,5.27217,0.566997,0.670895,-2.8832,2.34617
4.62774,1.518,4.7435,-2.01057,23.4217,4.27509,1.26267,4.87141,-2.30666,22.965
7.14968,-1.44514,2.46942,1.78883,2.34626,6.93572,-2.16049,1.16846,-2.37753,2.34626
6.7213,-2.5846,1.92089,-2.10997,2.34649,6.33445,-3.18595,2.08329,-2.683,2.34626
5.92013,0.847956,2.17116,-2.61736,2.34617,6.52251,0.398392,1.4822,-2.35148,2.34617
5.82127,2.52098,4.49551,-1.41547,13.3121,5.91541,2.76825,4.21627,0.370143,3.26306
6.53383,-6.13018,2.31912,0.00863201,2.34629,7.091,-5.12828,1.35178,2.40433,2.34629
7.2848,0.920594,1.80269,-2.79068,2.34617,7.5339,1.3864,0.981266,-2.49334,2.34617
