1.41108,-0.318165,1.90272,1.06697,2,1.00302,-0.810744,1.13135,-2.29323,2
1.4113,-0.520532,1.80332,-3.02849,2.05738,1.41108,-0.318165,1.90272,1.06697,2
-0.4333,-0.380808,1.17769,-2.85167,2,1.00302,-0.810744,1.13135,-2.29323,2
-1.78461,-1.03043,1.13351,2.37887,2.00045,-0.4333,-0.380808,1.17769,-2.85167,2
1.82345,1.11999,1.79476,-2.59283,2.00286,1.41108,-0.318165,1.90272,1.06697,2
0.903497,2.29729,1.66184,-3.06231,2.00286,1.82345,1.11999,1.79476,-2.59283,2.00286
-0.326238,3.15621,1.66388,-1.66786,2.00286,0.903497,2.29729,1.66184,-3.06231,2.00286
-1.72295,3.52899,2.06416,1.64602,2.00591,-0.326238,3.15621,1.66388,-1.66786,2.00286
0.5379,4.38098,1.60713,-1.71871,2.00286,-0.326238,3.15621,1.66388,-1.66786,2.00286
-0.319316,5.6014,1.4467,-0.748838,2.00296,0.5379,4.38098,1.60713,-1.71871,2.00286
-1.69904,6.18992,1.44519,-2.63799,2.00296,-0.319316,5.6014,1.4467,-0.748838,2.00296
1.14136,4.89034,1.38772,0.221535,2.00286,0.5379,4.38098,1.60713,-1.71871,2.00286
2.14374,5.64115,2.21326,-2.87768,2.00287,1.14136,4.89034,1.38772,0.221535,2.00286
0.689582,2.47379,1.65002,2.8589,2.00286,0.903497,2.29729,1.66184,-3.06231,2.00286
3.57084,5.18629,2.29376,-0.476658,2.00288,2.14374,5.64115,2.21326,-2.87768,2.00287
0.629333,-1.27478,0.984869,0.323601,2,1.00302,-0.810744,1.13135,-2.29323,2
1.66857,5.2421,1.66258,-2.87871,2.00293,1.14136,4.89034,1.38772,0.221535,2.00286
-1.55631,3.02659,1.58041,2.58267,2.00625,-1.72295,3.52899,2.06416,1.64602,2.00591
-1.53692,1.63417,2.1379,-1.72471,2.00625,-1.55631,3.02659,1.58041,2.58267,2.00625
0.0518136,3.49037,1.43251,-2.50484,2.00286,-0.326238,3.15621,1.66388,-1.66786,2.00286
-1.89188,5.08373,1.42083,2.89162,2.00296,-1.69904,6.18992,1.44519,-2.63799,2.00296
0.176148,5.681,1.68917,-1.68419,2.00296,-0.319316,5.6014,1.4467,-0.748838,2.00296
-1.61074,2.7485,1.09022,2.98847,2.00625,-1.55631,3.02659,1.58041,2.58267,2.00625
-0.147072,3.78798,1.6185,-2.44741,2.00286,0.0518136,3.49037,1.43251,-2.50484,2.00286
0.937773,4.46723,2.02924,2.84757,2.00324,0.5379,4.38098,1.60713,-1.71871,2.00286
1.16502,1.94863,1.06245,3.07399,2.00286,0.903497,2.29729,1.66184,-3.06231,2.00286
-1.64919,5.49543,0.500461,0.259197,2.00339,-1.89188,5.08373,1.42083,2.89162,2.00296
1.14917,-1.35596,0.802371,-1.8773,2,0.629333,-1.27478,0.984869,0.323601,2
0.793636,0.0606156,2.08913,0.650452,2,1.41108,-0.318165,1.90272,1.06697,2
-0.203287,-1.4673,1.30821,0.0473054,2,0.629333,-1.27478,0.984869,0.323601,2
