7.42463,-0.499994,1.1397,0.0936627,2,6.73786,-1.36246,2.1568,1.96566,2
7.54101,0.986395,0.975067,-2.11404,2.03079,7.42463,-0.499994,1.1397,0.0936627,2
7.6161,2.32879,1.64015,-0.878264,2.0309,7.54101,0.986395,0.975067,-2.11404,2.03079
7.18975,3.26593,2.73102,2.57802,2.0655,7.6161,2.32879,1.64015,-0.878264,2.0309
7.25823,4.63808,3.33311,-2.03544,2.66894,7.18975,3.26593,2.73102,2.57802,2.0655
6.99121,4.75804,3.29062,1.98584,3.53156,7.25823,4.63808,3.33311,-2.03544,2.66894
6.86814,4.97372,2.8454,1.11368,3.5373,6.99121,4.75804,3.29062,1.98584,3.53156
6.33482,5.14671,2.72427,0.217057,3.55552,6.86814,4.97372,2.8454,1.11368,3.5373
7.51366,-2.59064,2.53058,1.7412,2.13226,6.73786,-1.36246,2.1568,1.96566,2
7.50452,-4.05279,2.19587,0.648263,2.13226,7.51366,-2.59064,2.53058,1.7412,2.13226
6.03995,-4.36476,2.10802,2.7217,2.13226,7.50452,-4.05279,2.19587,0.648263,2.13226
9.00738,0.678422,1.04508,-1.91539,2.03564,7.54101,0.986395,0.975067,-2.11404,2.03079
10.0714,0.56702,2.09645,-0.00263042,2.03564,9.00738,0.678422,1.04508,-1.91539,2.03564
6.19394,-5.85309,2.21374,-1.02529,2.13226,6.03995,-4.36476,2.10802,2.7217,2.13226
6.51422,-3.31207,2.18235,-2.25981,2.13226,6.03995,-4.36476,2.10802,2.7217,2.13226
7.75705,-0.0996019,1.60837,2.4041,2,7.42463,-0.499994,1.1397,0.0936627,2
11.3887,0.0957419,1.5555,-1.71438,2.05039,10.0714,0.56702,2.09645,-0.00263042,2.03564
7.75533,0.156767,0.561688,1.03011,2.03078,7.42463,-0.499994,1.1397,0.0936627,2
7.02684,0.740902,1.22358,-0.43375,2.03112,7.54101,0.986395,0.975067,-2.11404,2.03079
7.10773,-0.937104,0.885419,2.65709,2,7.42463,-0.499994,1.1397,0.0936627,2
6.66998,-3.63122,1.41641,0.263657,2.16826,6.51422,-3.31207,2.18235,-2.25981,2.13226
11.1278,-1.174,0.800723,-1.23414,2.05093,11.3887,0.0957419,1.5555,-1.71438,2.05039
12.6306,0.717213,2.12262,1.99854,2.05039,11.3887,0.0957419,1.5555,-1.71438,2.05039
11.6851,-2.55965,0.661143,-0.192886,2.051,11.1278,-1.174,0.800723,-1.23414,2.05093
7.6053,3.17061,1.5862,3.01155,2.04375,7.6161,2.32879,1.64015,-0.878264,2.0309
12.4022,-3.63217,1.42629,1.96575,2.05103,11.6851,-2.55965,0.661143,-0.192886,2.051
11.8773,-1.51772,2.0453,0.549701,2.05093,11.1278,-1.174,0.800723,-1.23414,2.05093
5.56784,0.538133,0.940367,0.645752,2.03112,7.02684,0.740902,1.22358,-0.43375,2.03112
4.10083,0.429431,1.23371,-1.36033,2.03375,5.56784,0.538133,0.940367,0.645752,2.03112
12.2978,-1.91548,0.963066,-0.123265,2.051,11.6851,-2.55965,0.661143,-0.192886,2.051
