-5.2482,7.24333,10.2125,0.595297,1,-6.52529,6.3491,7.64939,-0.344544,1
-4.70766,5.47624,12.5758,-3.05076,1,-5.2482,7.24333,10.2125,0.595297,1
-1.95618,5.09564,11.4424,1.1626,1,-4.70766,5.47624,12.5758,-3.05076,1
0.383616,5.5858,9.62996,-2.2115,1,-1.95618,5.09564,11.4424,1.1626,1
2.25478,3.26223,9.94584,1.06709,1,0.383616,5.5858,9.62996,-2.2115,1
3.96333,4.61427,7.88359,0.94032,1.00003,2.25478,3.26223,9.94584,1.06709,1
-2.46909,4.09842,8.65991,-3.0315,1,-1.95618,5.09564,11.4424,1.1626,1
-0.2761,6.85126,13.2017,-2.86946,1,-1.95618,5.09564,11.4424,1.1626,1
-2.8498,2.02479,6.52564,-0.318287,1,-2.46909,4.09842,8.65991,-3.0315,1
-0.140285,7.00797,7.04095,1.88889,1,0.383616,5.5858,9.62996,-2.2115,1
5.68725,4.93079,10.3183,-2.09729,1.00003,3.96333,4.61427,7.88359,0.94032,1.00003
-5.2861,2.87731,13.9582,-2.2216,1,-4.70766,5.47624,12.5758,-3.05076,1
-7.61429,3.5558,7.54185,0.218741,1,-6.52529,6.3491,7.64939,-0.344544,1
-3.79066,-0.425673,5.07305,-0.638867,1,-2.8498,2.02479,6.52564,-0.318287,1
-4.11342,0.151398,14.3988,0.0409571,1,-5.2861,2.87731,13.9582,-2.2216,1
