-1.30813,3.07135,4.8504,2.33154,14.2682,-3.69959,1.30205,4.46246,-0.487498,1
1.24671,2.14058,3.58294,-1.27453,14.3973,-1.30813,3.07135,4.8504,2.33154,14.2682
-2.57701,-0.545879,6.54212,1.99245,1.00536,-3.69959,1.30205,4.46246,-0.487498,1
-3.97493,-1.26541,9.09714,-0.115046,1.02607,-2.57701,-0.545879,6.54212,1.99245,1.00536
0.401492,0.536541,1.95198,1.37352,15.0314,1.24671,2.14058,3.58294,-1.27453,14.3973
-2.94595,-3.9485,9.95866,-1.85193,1.52535,-3.97493,-1.26541,9.09714,-0.115046,1.02607
-0.198848,-2.74293,9.95288,-2.38811,1.56152,-2.94595,-3.9485,9.95866,-1.85193,1.52535
-4.34522,0.906169,11.1336,-3.12233,1.1184,-3.97493,-1.26541,9.09714,-0.115046,1.02607
-3.48284,-5.3016,7.33552,-0.301962,1.5595,-2.94595,-3.9485,9.95866,-1.85193,1.52535
-2.1574,-4.60414,12.7779,0.13689,1.52535,-2.94595,-3.9485,9.95866,-1.85193,1.52535
0.176232,-5.74896,14.2758,0.731845,1.52535,-2.1574,-4.60414,12.7779,0.13689,1.52535
2.5846,-5.59479,16.0579,0.288047,1.52535,0.176232,-5.74896,14.2758,0.731845,1.52535
-1.0938,-7.85306,15.9962,-0.355485,1.52535,0.176232,-5.74896,14.2758,0.731845,1.52535
4.80972,-7.53899,15.5393,2.57695,1.52535,2.5846,-5.59479,16.0579,0.288047,1.52535
-1.87847,-2.48279,4.36028,-2.82198,10.3127,-2.57701,-0.545879,6.54212,1.99245,1.00536
