2.26287,5.06755,9.50166,-2.73566,2.40483,0.109979,4.63592,7.45747,-2.01503,1
-2.83927,4.28277,7.03652,-1.53034,6.04096,0.109979,4.63592,7.45747,-2.01503,1
4.62161,4.46636,7.74813,-2.82706,4.03824,2.26287,5.06755,9.50166,-2.73566,2.40483
-3.71293,1.63709,5.92424,-0.352662,9.24724,-2.83927,4.28277,7.03652,-1.53034,6.04096
2.40994,4.25023,12.3844,1.68508,2.48648,2.26287,5.06755,9.50166,-2.73566,2.40483
1.77673,2.1203,14.4,-0.982713,2.48826,2.40994,4.25023,12.3844,1.68508,2.48648
0.423733,1.42304,16.9852,-2.11895,2.48826,1.77673,2.1203,14.4,-0.982713,2.48826
-0.933355,3.21848,18.9688,-2.11383,2.48826,0.423733,1.42304,16.9852,-2.11895,2.48826
3.48306,-0.339095,14.5996,2.00902,2.48826,1.77673,2.1203,14.4,-0.982713,2.48826
7.22806,5.95136,7.71368,2.16762,4.82031,4.62161,4.46636,7.74813,-2.82706,4.03824
8.24627,5.99608,10.5352,1.47227,4.96541,7.22806,5.95136,7.71368,2.16762,4.82031
5.78326,-2.05338,15.4772,-2.28365,2.48826,3.48306,-0.339095,14.5996,2.00902,2.48826
1.92307,0.480744,19.4068,-1.85781,2.4883,0.423733,1.42304,16.9852,-2.11895,2.48826
-3.09783,3.20506,16.8916,2.95885,2.48826,-0.933355,3.21848,18.9688,-2.11383,2.48826
0.691317,0.260584,22.1334,1.41029,2.4883,1.92307,0.480744,19.4068,-1.85781,2.4883
