0.978788,5.92294,1.40116,2.43008,1,1.58745,5.53533,0.862683,1.76266,1
1.78811,7.18245,1.49404,0.391855,1,0.978788,5.92294,1.40116,2.43008,1
1.96094,8.65597,1.273,2.76202,1.09716,1.78811,7.18245,1.49404,0.391855,1
2.0351,4.10464,0.914966,-2.13961,1,1.58745,5.53533,0.862683,1.76266,1
-0.466472,5.52444,1.35197,0.895293,1,0.978788,5.92294,1.40116,2.43008,1
-1.12946,4.1796,1.39524,-1.79027,1,-0.466472,5.52444,1.35197,0.895293,1
3.16848,3.12235,0.938991,-2.55997,1,2.0351,4.10464,0.914966,-2.13961,1
-1.91367,2.90189,1.3457,0.375802,1,-1.12946,4.1796,1.39524,-1.79027,1
-2.64416,1.59335,1.40993,-0.689804,1,-1.91367,2.90189,1.3457,0.375802,1
4.46006,3.88497,0.954204,0.989282,1,3.16848,3.12235,0.938991,-2.55997,1
3.80958,1.76631,0.950618,1.34506,1,3.16848,3.12235,0.938991,-2.55997,1
5.86304,3.35501,0.926121,-1.61363,1,4.46006,3.88497,0.954204,0.989282,1
3.69054,0.273392,1.03443,0.0335988,1,3.80958,1.76631,0.950618,1.34506,1
3.16184,-0.832211,1.18903,-1.12655,1,3.69054,0.273392,1.03443,0.0335988,1
6.85222,4.47878,1.01922,0.280281,1,5.86304,3.35501,0.926121,-1.61363,1
