-3.72469,4.77468,1.18278,-0.211302,1,-2.28558,4.44927,1.45307,2.12247,1
-3.7132,5.27175,0.9825,1.53687,1.00217,-3.72469,4.77468,1.18278,-0.211302,1
-1.10915,3.69819,2.00253,-2.78856,1,-2.28558,4.44927,1.45307,2.12247,1
-4.15246,3.34059,1.08066,3.0094,1,-3.72469,4.77468,1.18278,-0.211302,1
0.198742,4.42683,2.09471,-2.599,1,-1.10915,3.69819,2.00253,-2.78856,1
-4.35856,2.70284,2.42259,-1.99815,1,-4.15246,3.34059,1.08066,3.0094,1
-1.11055,3.03706,3.34897,-1.47673,1,-1.10915,3.69819,2.00253,-2.78856,1
-0.749867,1.58745,3.48513,-0.118031,1,-1.11055,3.03706,3.34897,-1.47673,1
-1.53881,0.343556,3.7685,2.48872,1,-0.749867,1.58745,3.48513,-0.118031,1
-0.864105,-0.995431,3.725,-3.01326,1,-1.53881,0.343556,3.7685,2.48872,1
-2.0368,-1.84851,4.10845,-0.633045,1,-0.864105,-0.995431,3.725,-3.01326,1
-2.24289,0.300535,4.15728,-1.35701,1,-1.53881,0.343556,3.7685,2.48872,1
-2.64672,-1.58499,4.84665,-0.527351,1,-2.0368,-1.84851,4.10845,-0.633045,1
1.55384,3.784,2.11648,0.0307189,1,0.198742,4.42683,2.09471,-2.599,1
-3.44828,-2.85245,4.87892,2.80497,1,-2.64672,-1.58499,4.84665,-0.527351,1
