-1.38944,-2.52862,4.7869,-2.4208,8.81153,-1.52207,-3.74367,3.91739,1.35722,1
-1.76562,-1.32615,3.97292,2.04648,14.2987,-1.38944,-2.52862,4.7869,-2.4208,8.81153
-2.40246,-0.0999322,3.38913,-2.35531,16.694,-1.76562,-1.32615,3.97292,2.04648,14.2987
-0.16183,-4.25412,4.29046,-0.399176,1.98111,-1.52207,-3.74367,3.91739,1.35722,1
-1.02577,0.495612,3.38322,2.54377,17.7958,-2.40246,-0.0999322,3.38913,-2.35531,16.694
-0.564674,1.91102,3.56769,0.81556,17.8851,-1.02577,0.495612,3.38322,2.54377,17.7958
1.1833,-3.76964,3.8367,1.8595,1.98111,-0.16183,-4.25412,4.29046,-0.399176,1.98111
0.428403,2.71786,4.35051,0.284019,17.9634,-0.564674,1.91102,3.56769,0.81556,17.8851
1.51745,-2.84685,2.70233,0.36812,2.31406,1.1833,-3.76964,3.8367,1.8595,1.98111
0.924362,-3.67755,5.04152,0.791233,2.27713,1.1833,-3.76964,3.8367,1.8595,1.98111
-2.60782,-4.76548,3.75289,3.13002,11.2829,-1.52207,-3.74367,3.91739,1.35722,1
-1.01304,0.537057,4.88259,-0.399902,17.7959,-1.02577,0.495612,3.38322,2.54377,17.7958
-3.32947,-4.892,4.79326,-1.42627,11.8735,-2.60782,-4.76548,3.75289,3.13002,11.2829
1.7313,-3.25633,4.04409,1.98881,1.98111,1.1833,-3.76964,3.8367,1.8595,1.98111
1.6867,2.78497,3.53676,-2.72808,17.9709,0.428403,2.71786,4.35051,0.284019,17.9634
