0.68342,2.28571,1.57184,-2.86762,2.10335,0.695107,2.28052,1.73202,0.551241,2
1.61293,3.38271,1.14452,1.37035,2.10335,0.68342,2.28571,1.57184,-2.86762,2.10335
3.0739,3.05193,1.06618,0.749895,2.10335,1.61293,3.38271,1.14452,1.37035,2.10335
3.82924,1.76204,0.940994,0.811611,2.10335,3.0739,3.05193,1.06618,0.749895,2.10335
4.69731,0.548363,0.787902,1.54657,2.10335,3.82924,1.76204,0.940994,0.811611,2.10335
6.19091,0.478532,0.66849,0.431148,2.21499,4.69731,0.548363,0.787902,1.54657,2.10335
7.56772,-0.114028,0.725672,0.331511,2.41206,6.19091,0.478532,0.66849,0.431148,2.21499
8.50934,1.04626,0.856436,1.24942,2.59313,7.56772,-0.114028,0.725672,0.331511,2.41206
9.20672,0.334519,1.97763,1.4889,2.64168,8.50934,1.04626,0.856436,1.24942,2.59313
9.17062,0.803811,1.48972,0.827739,2.6805,9.20672,0.334519,1.97763,1.4889,2.64168
1.13205,4.68659,1.709,-2.96511,2.10335,1.61293,3.38271,1.14452,1.37035,2.10335
2.11605,5.81763,1.75894,0.435689,2.59044,1.13205,4.68659,1.709,-2.96511,2.10335
-0.338529,4.94533,1.85205,-0.344177,2.16716,1.13205,4.68659,1.709,-2.96511,2.10335
2.77952,3.54752,2.00736,-2.04347,2.10525,3.0739,3.05193,1.06618,0.749895,2.10335
-1.77777,5.26723,1.57826,-0.695905,2.16716,-0.338529,4.94533,1.85205,-0.344177,2.16716
4.32739,-0.534272,1.75798,2.22394,2.10335,4.69731,0.548363,0.787902,1.54657,2.10335
4.58731,-1.91724,1.23853,-1.99115,2.1264,4.32739,-0.534272,1.75798,2.22394,2.10335
3.48182,-2.92962,1.29297,2.10037,2.1264,4.58731,-1.91724,1.23853,-1.99115,2.1264
3.29905,-1.23913,1.95287,-2.58496,2.10335,4.32739,-0.534272,1.75798,2.22394,2.10335
6.59826,0.64043,0.5035,-1.81707,2.27021,6.19091,0.478532,0.66849,0.431148,2.21499
4.29891,-4.18754,1.29258,-2.82364,2.1264,3.48182,-2.92962,1.29297,2.10037,2.1264
3.89627,-5.63084,1.36153,-2.65216,2.1264,4.29891,-4.18754,1.29258,-2.82364,2.1264
3.84554,-3.64591,1.01086,2.2354,2.12665,4.29891,-4.18754,1.29258,-2.82364,2.1264
4.01418,-4.61631,1.6307,-2.59613,2.12648,4.29891,-4.18754,1.29258,-2.82364,2.1264
3.46046,0.724011,0.704162,1.33258,2.10335,3.82924,1.76204,0.940994,0.811611,2.10335
4.27121,3.56459,2.1641,1.3458,2.10525,2.77952,3.54752,2.00736,-2.04347,2.10525
4.34459,-1.51343,1.33234,2.51464,2.1264,4.58731,-1.91724,1.23853,-1.99115,2.1264
-2.34088,4.2884,0.775551,-1.47511,2.21992,-1.77777,5.26723,1.57826,-0.695905,2.16716
4.02065,2.14273,0.837877,-1.7935,2.18772,3.82924,1.76204,0.940994,0.811611,2.10335
4.44781,2.60983,1.14585,1.07862,2.18772,4.02065,2.14273,0.837877,-1.7935,2.18772
