7.81801,4.72517,8.83692,0.876347,1,8.82308,5.29692,6.06872,1.90409,1
5.78405,6.46099,10.197,0.167853,1,7.81801,4.72517,8.83692,0.876347,1
8.35111,2.69667,10.9819,1.98032,1,7.81801,4.72517,8.83692,0.876347,1
7.06146,1.76508,13.5253,-0.401354,1,8.35111,2.69667,10.9819,1.98032,1
7.76527,0.653807,16.2216,-0.785046,1,7.06146,1.76508,13.5253,-0.401354,1
5.77531,-1.42224,17.076,-1.28072,1,7.76527,0.653807,16.2216,-0.785046,1
6.60204,4.01219,4.51424,-3.0695,1,8.82308,5.29692,6.06872,1.90409,1
3.45314,-1.23291,15.1861,-1.52869,1,5.77531,-1.42224,17.076,-1.28072,1
2.7997,6.56731,9.9101,-3.13158,1,5.78405,6.46099,10.197,0.167853,1
3.91934,8.05628,7.55863,2.11737,1,2.7997,6.56731,9.9101,-3.13158,1
6.78582,-4.13345,17.8686,2.16454,1,5.77531,-1.42224,17.076,-1.28072,1
1.88757,-1.81257,12.6935,1.40751,1,3.45314,-1.23291,15.1861,-1.52869,1
1.42699,0.577798,16.4573,-2.16005,1,3.45314,-1.23291,15.1861,-1.52869,1
-1.27997,1.09644,17.642,1.70225,1,1.42699,0.577798,16.4573,-2.16005,1
-3.6815,1.24718,19.4336,-0.893488,1,-1.27997,1.09644,17.642,1.70225,1
9.63411,0.622757,9.23468,-1.8639,1,8.35111,2.69667,10.9819,1.98032,1
7.12963,3.37813,17.3051,-2.13038,1,7.76527,0.653807,16.2216,-0.785046,1
1.04501,-2.60771,9.92624,-2.77794,1,1.88757,-1.81257,12.6935,1.40751,1
6.74314,5.49379,9.07499,-0.392548,1,7.81801,4.72517,8.83692,0.876347,1
8.6154,4.10353,19.8083,-2.0268,1,7.12963,3.37813,17.3051,-2.13038,1
1.4074,0.394234,17.8649,-2.12835,1,1.42699,0.577798,16.4573,-2.16005,1
9.9098,-1.3163,15.5007,-1.20064,1,7.76527,0.653807,16.2216,-0.785046,1
-5.92191,-0.411498,20.5424,2.18124,1,-3.6815,1.24718,19.4336,-0.893488,1
