5.49178,-6.69785,8.26631,-0.817447,1.52659,5.50891,-5.75428,5.41861,2.55103,1
4.52606,-6.04516,11.0306,-0.899607,1.52659,5.49178,-6.69785,8.26631,-0.817447,1.52659
2.1355,-6.60063,12.7559,-1.74726,1.53476,4.52606,-6.04516,11.0306,-0.899607,1.52659
-0.0327989,-7.47458,14.636,-0.639295,1.53659,2.1355,-6.60063,12.7559,-1.74726,1.53476
-1.69897,-5.36309,15.9647,-1.65169,1.53699,-0.0327989,-7.47458,14.636,-0.639295,1.53659
-3.9645,-4.88798,14.0564,2.84375,1.53699,-1.69897,-5.36309,15.9647,-1.65169,1.53699
-5.05429,-6.58187,11.8331,0.760816,1.53699,-3.9645,-4.88798,14.0564,2.84375,1.53699
-6.08836,-5.38058,9.28604,0.525089,1.53699,-5.05429,-6.58187,11.8331,0.760816,1.53699
7.2932,-7.14523,3.44844,-0.416525,1.42484,5.50891,-5.75428,5.41861,2.55103,1
5.95589,-3.45965,11.5509,-2.75494,1.52659,4.52606,-6.04516,11.0306,-0.899607,1.52659
3.51618,-1.78008,11.0746,2.12055,1.52659,5.95589,-3.45965,11.5509,-2.75494,1.52659
3.38509,-4.56243,3.66679,-0.758266,1,5.50891,-5.75428,5.41861,2.55103,1
5.96249,-7.48973,13.2329,-0.388418,1.53227,4.52606,-6.04516,11.0306,-0.899607,1.52659
4.24237,-8.42661,4.91406,0.812652,1,5.50891,-5.75428,5.41861,2.55103,1
-4.49317,-2.16735,15.2048,-1.53513,1.53699,-3.9645,-4.88798,14.0564,2.84375,1.53699
