-3.51687,-5.27034,9.6528,1.2696,1,-1.36885,-7.03568,10.7796,-1.11495,1
0.25233,-7.23238,13.2961,2.5928,1,-1.36885,-7.03568,10.7796,-1.11495,1
1.17742,-7.19869,9.2016,-0.879166,1,-1.36885,-7.03568,10.7796,-1.11495,1
4.06089,-7.76889,9.80197,-1.22255,1,1.17742,-7.19869,9.2016,-0.879166,1
-5.22279,-3.92983,7.58088,0.620407,1,-3.51687,-5.27034,9.6528,1.2696,1
-6.20067,-4.60228,10.8151,1.2268,1,-3.51687,-5.27034,9.6528,1.2696,1
-6.80077,-2.3908,7.53926,0.996409,1,-5.22279,-3.92983,7.58088,0.620407,1
-2.44288,-2.63668,10.6069,2.97225,1,-3.51687,-5.27034,9.6528,1.2696,1
6.02938,-6.9842,11.9255,-2.9683,1.00009,4.06089,-7.76889,9.80197,-1.22255,1
-8.09066,-2.50374,11.827,1.62836,1,-6.20067,-4.60228,10.8151,1.2268,1
2.00465,-8.86623,6.84894,-1.41258,1,1.17742,-7.19869,9.2016,-0.879166,1
0.000980458,-0.97916,11.1363,0.408301,1,-2.44288,-2.63668,10.6069,2.97225,1
2.11556,0.810997,12.2869,-1.39689,1,0.000980458,-0.97916,11.1363,0.408301,1
-7.17709,-6.45719,8.99865,1.73519,1,-6.20067,-4.60228,10.8151,1.2268,1
2.5568,2.43804,9.80532,1.11011,1,2.11556,0.810997,12.2869,-1.39689,1
