-1.8964,4.07392,8.03094,0.145997,4.01315,1.03415,4.22557,8.65452,-1.22459,1
-2.38098,6.43922,6.25034,-0.657245,6.44634,-1.8964,4.07392,8.03094,0.145997,4.01315
0.347922,7.02175,5.14864,0.382203,7.19518,-2.38098,6.43922,6.25034,-0.657245,6.44634
0.312152,3.63076,11.5049,0.160187,1.01071,1.03415,4.22557,8.65452,-1.22459,1
-0.842768,6.42281,2.46098,0.592209,7.48478,0.347922,7.02175,5.14864,0.382203,7.19518
-0.136714,0.774902,12.3065,-0.155107,1.01071,0.312152,3.63076,11.5049,0.160187,1.01071
1.86859,-0.590874,14.071,0.765116,1.01115,-0.136714,0.774902,12.3065,-0.155107,1.01071
1.03561,0.803956,16.5931,-2.70244,1.01115,1.86859,-0.590874,14.071,0.765116,1.01115
-3.02723,1.68654,6.60909,-0.834728,4.10595,-1.8964,4.07392,8.03094,0.145997,4.01315
2.98413,8.20455,5.95574,1.39266,7.19518,0.347922,7.02175,5.14864,0.382203,7.19518
3.18189,0.197391,18.5994,3.08814,1.01115,1.03561,0.803956,16.5931,-2.70244,1.01115
-4.16047,7.88653,8.18392,2.63199,6.56348,-2.38098,6.43922,6.25034,-0.657245,6.44634
-1.63823,1.55153,17.7296,0.694252,1.01115,1.03561,0.803956,16.5931,-2.70244,1.01115
4.64007,-0.917168,12.9699,-1.09681,1.01115,1.86859,-0.590874,14.071,0.765116,1.01115
6.47333,1.4501,13.1577,2.41193,1.01118,4.64007,-0.917168,12.9699,-1.09681,1.01115
