7.80036,4.15248,0.945147,-1.4124,9.39537,8.224,5.58966,1.01617,1.01401,2
8.96049,3.2022,0.912792,-1.73908,13.9528,7.80036,4.15248,0.945147,-1.4124,9.39537
8.85136,3.84091,0.655328,-2.4053,15.4436,8.96049,3.2022,0.912792,-1.73908,13.9528
8.73087,4.15345,1.15834,-0.359068,15.741,8.85136,3.84091,0.655328,-2.4053,15.4436
8.26019,1.87617,0.877642,-0.823472,15.8028,8.96049,3.2022,0.912792,-1.73908,13.9528
6.31996,4.39103,0.906223,-2.93737,9.49756,7.80036,4.15248,0.945147,-1.4124,9.39537
5.12103,3.48966,0.896332,1.91562,9.49756,6.31996,4.39103,0.906223,-2.93737,9.49756
3.6525,3.18504,0.920953,1.88541,9.49756,5.12103,3.48966,0.896332,1.91562,9.49756
2.42755,2.35283,1.15957,-1.0444,9.49756,3.6525,3.18504,0.920953,1.88541,9.49756
1.2095,3.20878,1.34316,2.25861,9.49756,2.42755,2.35283,1.15957,-1.0444,9.49756
9.04862,4.03313,1.22816,-2.35942,16.6363,8.73087,4.15345,1.15834,-0.359068,15.741
1.88676,0.953728,1.16723,-1.79856,9.4976,2.42755,2.35283,1.15957,-1.0444,9.49756
1.34356,-0.426891,1.38819,2.7429,9.50105,1.88676,0.953728,1.16723,-1.79856,9.4976
0.716896,4.61656,1.18347,-2.15526,9.51421,1.2095,3.20878,1.34316,2.25861,9.49756
0.0397933,-1.16404,1.3058,-0.718292,9.51354,1.34356,-0.426891,1.38819,2.7429,9.50105
-0.709646,5.0762,1.24436,1.81251,9.51421,0.716896,4.61656,1.18347,-2.15526,9.51421
-1.38618,-1.62024,1.21364,0.0882196,9.51359,0.0397933,-1.16404,1.3058,-0.718292,9.51354
-2.55448,-2.55799,1.13824,0.13512,9.51359,-1.38618,-1.62024,1.21364,0.0882196,9.51359
0.74243,-2.4714,1.52286,-1.87747,9.52537,0.0397933,-1.16404,1.3058,-0.718292,9.51354
-0.971877,3.63185,0.936,2.98408,9.52601,-0.709646,5.0762,1.24436,1.81251,9.51421
2.16082,-2.95759,1.48055,1.78369,9.52537,0.74243,-2.4714,1.52286,-1.87747,9.52537
0.842357,4.47689,1.01584,1.37664,9.51421,0.716896,4.61656,1.18347,-2.15526,9.51421
2.73891,-0.977185,1.40217,2.87255,9.50152,1.34356,-0.426891,1.38819,2.7429,9.50105
1.92485,-4.43865,1.45281,2.69496,9.52699,2.16082,-2.95759,1.48055,1.78369,9.52537
7.65998,5.3368,1.16485,0.374419,2,8.224,5.58966,1.01617,1.01401,2
-0.204514,6.48054,1.09382,2.9893,9.51421,-0.709646,5.0762,1.24436,1.81251,9.51421
-1.12172,-2.08159,1.12658,-2.7895,9.51832,-1.38618,-1.62024,1.21364,0.0882196,9.51359
7.52025,2.44221,0.767156,-0.607412,16.9294,8.26019,1.87617,0.877642,-0.823472,15.8028
-2.47066,3.58003,0.90497,3.04193,9.53053,-0.971877,3.63185,0.936,2.98408,9.52601
2.25672,-1.70895,1.60718,-1.03268,9.52386,2.73891,-0.977185,1.40217,2.87255,9.50152
