13.2418,11.0064,11.4669,1.62949,3.54964,13.9109,10.3976,12.6645,-1.87302,1
13.6987,13.8347,12.3567,1.23723,3.85642,13.2418,11.0064,11.4669,1.62949,3.54964
11.3417,8.90668,10.4765,-0.160981,3.54964,13.2418,11.0064,11.4669,1.62949,3.54964
11.7799,14.3434,14.606,0.0201985,4.07758,13.6987,13.8347,12.3567,1.23723,3.85642
9.58025,6.92032,9.07948,-2.14826,4.47864,11.3417,8.90668,10.4765,-0.160981,3.54964
8.08676,5.83368,11.4435,-0.389735,4.60339,9.58025,6.92032,9.07948,-2.14826,4.47864
9.75722,13.8,12.458,2.97245,4.67112,11.7799,14.3434,14.606,0.0201985,4.07758
14.4187,7.66067,11.5458,-0.476126,1.00536,13.9109,10.3976,12.6645,-1.87302,1
7.68632,13.8715,14.6274,-2.39391,4.92617,9.75722,13.8,12.458,2.97245,4.67112
8.76824,4.48644,7.52485,1.41489,4.78764,9.58025,6.92032,9.07948,-2.14826,4.47864
13.1133,11.7651,12.8481,1.82426,6.6405,13.2418,11.0064,11.4669,1.62949,3.54964
6.37029,5.77143,6.2605,-1.63587,4.78764,8.76824,4.48644,7.52485,1.41489,4.78764
3.52724,5.42634,7.1538,0.99571,4.80908,6.37029,5.77143,6.2605,-1.63587,4.78764
1.51863,4.97535,9.33602,-2.5313,4.82028,3.52724,5.42634,7.1538,0.99571,4.80908
-1.23185,5.04759,8.14034,-1.57011,4.82309,1.51863,4.97535,9.33602,-2.5313,4.82028
