-7.86513,6.11087,13.4417,3.07369,62.2965,-6.54221,4.56064,15.6433,1.86592,1
-8.16596,9.09455,13.357,-1.37455,71.7401,-7.86513,6.11087,13.4417,3.07369,62.2965
-7.5249,4.77056,18.47,1.02447,5.65182,-6.54221,4.56064,15.6433,1.86592,1
-5.44929,10.2356,13.9207,-1.87719,73.0517,-8.16596,9.09455,13.357,-1.37455,71.7401
-2.5699,10.4742,13.1131,-2.23109,73.3235,-5.44929,10.2356,13.9207,-1.87719,73.0517
-0.226309,8.76252,13.8732,-1.80918,73.3746,-2.5699,10.4742,13.1131,-2.23109,73.3235
-5.67026,5.38699,20.746,-2.409,18.1225,-7.5249,4.77056,18.47,1.02447,5.65182
-9.27123,6.94094,19.5834,-1.17163,15.387,-7.5249,4.77056,18.47,1.02447,5.65182
2.45963,10.0328,13.4582,-3.09589,73.3826,-0.226309,8.76252,13.8732,-1.80918,73.3746
4.54068,7.87411,13.3609,-1.98329,73.3841,2.45963,10.0328,13.4582,-3.09589,73.3826
-7.84495,9.01717,16.3388,0.893369,71.8567,-8.16596,9.09455,13.357,-1.37455,71.7401
3.09859,10.9718,16.2348,-2.88779,73.3826,2.45963,10.0328,13.4582,-3.09589,73.3826
3.95994,5.61437,11.4751,-0.358201,73.3843,4.54068,7.87411,13.3609,-1.98329,73.3841
6.547,6.95314,15.3923,-2.66796,73.3844,4.54068,7.87411,13.3609,-1.98329,73.3841
-1.01234,12.6461,12.6858,0.320466,73.3619,-2.5699,10.4742,13.1131,-2.23109,73.3235
