7.85981,-11.2506,14.2233,2.60395,1,9.87682,-10.0092,12.382,1.38792,1
5.76438,-9.2072,13.5649,2.03527,1,7.85981,-11.2506,14.2233,2.60395,1
10.9667,-9.34176,9.6678,-1.10142,1,9.87682,-10.0092,12.382,1.38792,1
2.81579,-9.40221,13.0474,-1.12276,1,5.76438,-9.2072,13.5649,2.03527,1
0.394612,-11.0099,12.3036,0.59976,1,2.81579,-9.40221,13.0474,-1.12276,1
-2.06663,-10.8578,14.0122,-2.47495,1,0.394612,-11.0099,12.3036,0.59976,1
-3.42829,-8.93458,12.1555,1.75612,1,-2.06663,-10.8578,14.0122,-2.47495,1
6.79198,-12.4414,16.7614,0.0202666,1.00119,7.85981,-11.2506,14.2233,2.60395,1
-6.0312,-9.51952,13.5276,0.623427,1,-3.42829,-8.93458,12.1555,1.75612,1
-3.32747,-6.45836,13.8461,2.88613,1,-3.42829,-8.93458,12.1555,1.75612,1
-2.28712,-5.3704,16.4411,-0.047035,1,-3.32747,-6.45836,13.8461,2.88613,1
-7.3811,-10.3216,10.9713,0.719651,1,-6.0312,-9.51952,13.5276,0.623427,1
-9.06802,-10.518,8.49834,0.569802,1,-7.3811,-10.3216,10.9713,0.719651,1
-6.56104,-11.126,14.1136,0.658908,1,-6.0312,-9.51952,13.5276,0.623427,1
-1.27416,-2.94249,17.883,2.09781,1,-2.28712,-5.3704,16.4411,-0.047035,1
