1.18888,13.6215,24.6976,0.431704,1.0414,1.99664,11.0798,24.2534,0.824033,1
1.42627,14.0255,21.7344,-1.40337,1.0414,1.18888,13.6215,24.6976,0.431704,1.0414
-0.054958,9.19214,23.1454,-0.0656805,1,1.99664,11.0798,24.2534,0.824033,1
-0.302454,7.67434,20.5695,-2.14862,1,-0.054958,9.19214,23.1454,-0.0656805,1
-1.50653,5.05297,19.7457,-2.55829,1,-0.302454,7.67434,20.5695,-2.14862,1
-2.19123,2.47437,18.3738,-0.618733,1,-1.50653,5.05297,19.7457,-2.55829,1
1.59961,7.4503,18.2604,-1.80738,1,-0.302454,7.67434,20.5695,-2.14862,1
-3.69255,1.09803,16.1712,2.0739,1,-2.19123,2.47437,18.3738,-0.618733,1
4.59446,9.67662,23.7219,-1.47998,1,1.99664,11.0798,24.2534,0.824033,1
-0.200196,0.270438,17.9514,-1.24783,1,-2.19123,2.47437,18.3738,-0.618733,1
1.51544,8.39156,15.4131,3.09133,1,1.59961,7.4503,18.2604,-1.80738,1
7.53755,9.15986,23.4551,-0.103467,1.44012,4.59446,9.67662,23.7219,-1.47998,1
-3.4331,-1.09997,14.146,2.97694,1,-3.69255,1.09803,16.1712,2.0739,1
-0.770487,9.54928,13.8529,1.45789,1,1.51544,8.39156,15.4131,3.09133,1
-2.4181,10.1578,11.4209,1.42944,1.00007,-0.770487,9.54928,13.8529,1.45789,1
