4.39868,-4.22245,7.40312,1.51143,4.00702,4.78785,-5.4819,7.34881,-0.649524,1
1.91943,-2.61982,6.86937,-1.74046,8.35394,4.39868,-4.22245,7.40312,1.51143,4.00702
-0.440264,-0.780955,6.64482,-1.95523,10.8241,1.91943,-2.61982,6.86937,-1.74046,8.35394
6.20025,-4.07776,9.79757,2.19499,9.94781,4.39868,-4.22245,7.40312,1.51143,4.00702
0.976377,-2.68904,9.71645,0.115605,10.4371,1.91943,-2.61982,6.86937,-1.74046,8.35394
8.10618,-1.7649,9.66308,0.747205,14.6632,6.20025,-4.07776,9.79757,2.19499,9.94781
2.47565,-1.57099,12.0621,2.70633,11.9309,0.976377,-2.68904,9.71645,0.115605,10.4371
4.60884,-6.49421,4.53044,1.01139,1,4.78785,-5.4819,7.34881,-0.649524,1
5.42609,-5.5889,2.60734,-1.65282,1.05431,4.60884,-6.49421,4.53044,1.01139,1
5.45844,-4.11442,3.33224,1.1646,2.62509,5.42609,-5.5889,2.60734,-1.65282,1.05431
8.23579,-3.38736,2.46177,1.52602,3.49825,5.45844,-4.11442,3.33224,1.1646,2.62509
7.04889,-7.04175,1.11646,-0.0871458,1.05431,5.42609,-5.5889,2.60734,-1.65282,1.05431
9.64243,-4.0817,8.53508,-1.70448,15.0394,8.10618,-1.7649,9.66308,0.747205,14.6632
7.59818,-0.492822,1.99797,1.28805,3.85519,8.23579,-3.38736,2.46177,1.52602,3.49825
10.5364,-6.72179,7.4257,1.69161,15.0973,9.64243,-4.0817,8.53508,-1.70448,15.0394
