-3.32342,7.10013,4.84274,1.49361,1,-3.15641,4.76782,6.72222,3.05293,1
-1.73738,7.74867,2.38025,1.96319,1.00279,-3.32342,7.10013,4.84274,1.49361,1
1.22631,8.17712,2.1987,-2.66725,1.00305,-1.73738,7.74867,2.38025,1.96319,1.00279
-2.78835,2.98072,9.10356,0.424034,1,-3.15641,4.76782,6.72222,3.05293,1
-3.92613,0.417031,10.168,-1.7415,1,-2.78835,2.98072,9.10356,0.424034,1
2.65021,7.6756,1.76436,-3.03028,1.00305,1.22631,8.17712,2.1987,-2.66725,1.00305
-3.61446,-2.33417,11.3229,2.85916,1,-3.92613,0.417031,10.168,-1.7415,1
-3.87683,-4.087,8.90237,1.90921,1,-3.61446,-2.33417,11.3229,2.85916,1
-5.89101,-2.73455,7.13773,1.63027,1,-3.87683,-4.087,8.90237,1.90921,1
-2.03219,-3.30004,6.67123,-0.510805,1,-3.87683,-4.087,8.90237,1.90921,1
-4.91703,-0.741516,8.21135,-1.92682,1,-5.89101,-2.73455,7.13773,1.63027,1
-5.52923,-3.15311,13.4822,-0.120685,1,-3.61446,-2.33417,11.3229,2.85916,1
3.38731,6.47826,4.41447,0.828104,1.00305,2.65021,7.6756,1.76436,-3.03028,1.00305
-5.24554,-0.5094,14.8716,1.67889,1,-5.52923,-3.15311,13.4822,-0.120685,1
-7.1035,-5.65047,14.016,-2.69863,1,-5.52923,-3.15311,13.4822,-0.120685,1
