9.8186,-7.39364,20.6063,-0.811551,1.40677,8.74291,-7.12207,22.655,2.50799,1
10.505,-7.59688,21.808,1.55875,3.0386,9.8186,-7.39364,20.6063,-0.811551,1.40677
8.33392,-7.04228,18.0232,-2.63778,1.40677,9.8186,-7.39364,20.6063,-0.811551,1.40677
7.09644,-5.68764,15.6497,-0.528614,1.4402,8.33392,-7.04228,18.0232,-2.63778,1.40677
4.33855,-4.50694,15.6551,-1.78638,1.4402,7.09644,-5.68764,15.6497,-0.528614,1.4402
3.86061,-2.66105,13.339,0.592373,1.4402,4.33855,-4.50694,15.6551,-1.78638,1.4402
1.78163,-0.498232,13.3477,0.616594,1.4402,3.86061,-2.66105,13.339,0.592373,1.4402
5.66501,-0.323612,13.8686,-2.2072,1.4402,3.86061,-2.66105,13.339,0.592373,1.4402
7.74237,0.173381,15.9752,-2.92833,1.4402,5.66501,-0.323612,13.8686,-2.2072,1.4402
-0.301552,-1.86436,11.6761,-1.73257,1.4402,1.78163,-0.498232,13.3477,0.616594,1.4402
6.7318,1.39063,11.6497,-2.00097,1.4402,5.66501,-0.323612,13.8686,-2.2072,1.4402
4.06681,-3.86938,10.6008,-2.27654,1.4402,3.86061,-2.66105,13.339,0.592373,1.4402
-2.53185,-3.73478,10.95,-2.33776,1.4402,-0.301552,-1.86436,11.6761,-1.73257,1.4402
-2.06666,-5.10134,8.32017,-2.69248,1.4402,-2.53185,-3.73478,10.95,-2.33776,1.4402
2.84168,-2.92633,17.7193,-0.0364058,1.4402,4.33855,-4.50694,15.6551,-1.78638,1.4402
