4.69833,1.60743,20.1266,0.844841,1.28234,5.02542,3.12145,20.9067,1.10225,1
3.202,2.02059,17.5594,-1.05973,1.39934,4.69833,1.60743,20.1266,0.844841,1.28234
1.21475,1.58071,15.3555,-2.21064,1.42795,3.202,2.02059,17.5594,-1.05973,1.39934
2.02744,1.18131,12.4954,2.37786,1.42829,1.21475,1.58071,15.3555,-2.21064,1.42795
-1.41728,0.15773,15.1374,2.65608,1.42825,1.21475,1.58071,15.3555,-2.21064,1.42795
-0.758999,-2.60921,14.1831,2.26894,1.42825,-1.41728,0.15773,15.1374,2.65608,1.42825
1.40228,4.05033,11.8807,0.126556,1.42829,2.02744,1.18131,12.4954,2.37786,1.42829
4.90606,0.379485,12.2297,1.78487,1.42829,2.02744,1.18131,12.4954,2.37786,1.42829
6.59516,5.09018,19.2757,-1.33447,1.09996,5.02542,3.12145,20.9067,1.10225,1
2.5002,4.73261,21.0722,1.80675,3.70969,5.02542,3.12145,20.9067,1.10225,1
-3.79429,1.66502,16.1757,-1.89866,1.42918,-1.41728,0.15773,15.1374,2.65608,1.42825
1.02731,2.47723,16.0477,-0.601328,1.42795,1.21475,1.58071,15.3555,-2.21064,1.42795
-5.75055,0.182392,14.4509,1.85533,1.43269,-3.79429,1.66502,16.1757,-1.89866,1.42918
6.98688,8.04812,18.964,0.211995,4.37635,6.59516,5.09018,19.2757,-1.33447,1.09996
-6.27082,-2.04568,16.3912,-0.0058679,1.4332,-5.75055,0.182392,14.4509,1.85533,1.43269
