-8.17376,5.44058,10.5754,1.0312,1,-9.42074,3.03897,9.28033,2.43152,1
-8.8832,1.58044,6.71445,1.67489,1,-9.42074,3.03897,9.28033,2.43152,1
-5.45098,5.90898,9.40624,-2.12083,1,-8.17376,5.44058,10.5754,1.0312,1
-6.77852,5.32747,13.2288,0.0766584,1,-8.17376,5.44058,10.5754,1.0312,1
-4.29495,5.79103,14.8466,0.0234434,1,-6.77852,5.32747,13.2288,0.0766584,1
-3.18237,5.02809,16.2774,-1.73282,1,-4.29495,5.79103,14.8466,0.0234434,1
-2.45492,6.0536,9.45824,-0.806461,1,-5.45098,5.90898,9.40624,-2.12083,1
-4.92401,8.27192,11.1779,-2.59484,1,-5.45098,5.90898,9.40624,-2.12083,1
-8.83773,0.558941,10.8645,0.0551799,1,-9.42074,3.03897,9.28033,2.43152,1
-0.799348,4.6989,18.0699,1.58294,1,-3.18237,5.02809,16.2774,-1.73282,1
-9.11238,-1.3942,6.39974,1.43468,1,-8.8832,1.58044,6.71445,1.67489,1
0.138427,4.88791,8.50129,2.09654,1,-2.45492,6.0536,9.45824,-0.806461,1
0.618285,2.11104,17.5283,0.823548,1,-0.799348,4.6989,18.0699,1.58294,1
-10.0661,-2.16087,10.5584,1.07961,1,-8.83773,0.558941,10.8645,0.0551799,1
-3.12101,6.12878,6.53409,-0.40368,1,-2.45492,6.0536,9.45824,-0.806461,1
2.6166,3.23515,8.14487,-0.0478624,1,0.138427,4.88791,8.50129,2.09654,1
1.5723,6.84258,10.2686,1.59913,1,0.138427,4.88791,8.50129,2.09654,1
-5.20425,3.74657,18.0857,-1.79825,1,-3.18237,5.02809,16.2774,-1.73282,1
0.647961,-0.340782,17.2121,-1.79147,1,0.618285,2.11104,17.5283,0.823548,1
-6.24281,0.698744,12.3634,0.214735,1,-8.83773,0.558941,10.8645,0.0551799,1
-7.18478,8.76959,11.1499,2.2209,1,-4.92401,8.27192,11.1779,-2.59484,1
-4.02378,-0.998159,11.2696,-2.68712,1,-6.24281,0.698744,12.3634,0.214735,1
-9.5096,-3.93171,12.9152,1.09627,1,-10.0661,-2.16087,10.5584,1.07961,1
-2.22455,6.18144,3.67164,-1.42654,1,-3.12101,6.12878,6.53409,-0.40368,1
3.29075,1.71305,18.832,-0.599152,1,0.618285,2.11104,17.5283,0.823548,1
6.05964,0.863323,18.0501,-1.58147,1,3.29075,1.71305,18.832,-0.599152,1
-2.32541,5.09692,5.17505,-1.36469,1,-2.22455,6.18144,3.67164,-1.42654,1
-5.63923,1.24459,19.6828,1.99108,1,-5.20425,3.74657,18.0857,-1.79825,1
6.80226,3.53495,19.1951,1.51884,1,6.05964,0.863323,18.0501,-1.58147,1
5.33608,-1.89633,18.9779,-2.73886,1,6.05964,0.863323,18.0501,-1.58147,1
-1.61305,7.17382,18.0363,0.616603,1,-0.799348,4.6989,18.0699,1.58294,1
8.29547,-2.36662,18.8334,1.29478,1,5.33608,-1.89633,18.9779,-2.73886,1
-4.56815,4.11477,18.4132,0.22869,1,-5.20425,3.74657,18.0857,-1.79825,1
-8.28116,0.812349,11.74,2.45107,1,-8.83773,0.558941,10.8645,0.0551799,1
4.56839,6.7918,10.1242,-1.6083,1,1.5723,6.84258,10.2686,1.59913,1
3.03495,-3.45684,20.1047,-0.917768,1,5.33608,-1.89633,18.9779,-2.73886,1
