-0.221025,0.0501608,1.49664,1.68118,1,0.41369,-0.865436,0.49224,-2.12575,1
-0.470349,-0.715271,1.31497,0.817955,1.18666,-0.221025,0.0501608,1.49664,1.68118,1
-1.88266,-1.13316,1.59914,1.62783,1.19227,-0.470349,-0.715271,1.31497,0.817955,1.18666
1.30075,-1.69732,1.37036,0.608375,1,0.41369,-0.865436,0.49224,-2.12575,1
-2.02204,0.359759,1.64108,-0.0417628,1.22381,-1.88266,-1.13316,1.59914,1.62783,1.19227
1.53414,0.131809,0.482348,3.04043,1.66982,0.41369,-0.865436,0.49224,-2.12575,1
1.70528,1.61563,0.344593,2.74018,1.67272,1.53414,0.131809,0.482348,3.04043,1.66982
1.70875,2.71811,1.36171,2.20936,1.67272,1.70528,1.61563,0.344593,2.74018,1.67272
3.14338,3.14072,1.24662,-0.381132,1.67745,1.70875,2.71811,1.36171,2.20936,1.67272
0.712473,3.78567,1.70485,0.118228,1.67984,1.70875,2.71811,1.36171,2.20936,1.67272
0.966634,-0.167505,1.18166,-2.81868,1.67187,1.53414,0.131809,0.482348,3.04043,1.66982
1.36166,4.93313,0.989391,0.658767,1.68327,0.712473,3.78567,1.70485,0.118228,1.67984
3.97299,1.89376,1.32923,2.96012,1.67749,3.14338,3.14072,1.24662,-0.381132,1.67745
-1.03835,0.588993,1.28115,-1.3262,1,-0.221025,0.0501608,1.49664,1.68118,1
-0.618864,4.43523,1.94069,0.388047,1.71365,0.712473,3.78567,1.70485,0.118228,1.67984
