7.97907,-0.108493,4.63358,-2.22601,5.07829,8.17965,-0.24188,5.01999,2.0592,1
6.50691,0.130958,4.79297,-2.5787,5.544,7.97907,-0.108493,4.63358,-2.22601,5.07829
5.40357,-0.71592,5.3546,1.50426,5.544,6.50691,0.130958,4.79297,-2.5787,5.544
4.01645,-0.191815,5.12827,-1.79821,5.70105,5.40357,-0.71592,5.3546,1.50426,5.544
3.29203,-1.42746,5.57369,-1.46779,5.70105,4.01645,-0.191815,5.12827,-1.79821,5.70105
5.64184,-1.71538,5.27469,1.28588,5.54411,5.40357,-0.71592,5.3546,1.50426,5.544
6.65626,1.61605,4.64397,-0.825184,6.62512,6.50691,0.130958,4.79297,-2.5787,5.544
7.55925,-1.1074,5.79629,-2.46233,1.02898,8.17965,-0.24188,5.01999,2.0592,1
3.22171,-1.82945,5.27928,-0.721372,5.7186,3.29203,-1.42746,5.57369,-1.46779,5.70105
5.64261,2.72049,4.69612,-0.011054,6.62528,6.65626,1.61605,4.64397,-0.825184,6.62512
6.74403,3.61403,5.18445,-1.87616,6.71565,5.64261,2.72049,4.69612,-0.011054,6.62528
5.83771,2.79844,4.69312,0.975994,6.62528,5.64261,2.72049,4.69612,-0.011054,6.62528
6.36968,4.63606,4.15231,0.335454,6.71565,6.74403,3.61403,5.18445,-1.87616,6.71565
4.81693,-1.25863,5.26479,-2.69228,5.7053,5.40357,-0.71592,5.3546,1.50426,5.544
7.42664,4.417,3.11074,0.631973,6.71565,6.36968,4.63606,4.15231,0.335454,6.71565
