-9.70805,-2.81231,4.81787,1.92168,1.29145,-8.95143,-1.54465,4.55225,-2.43698,1
-10.7321,-3.90437,4.91154,2.89624,7.07632,-9.70805,-2.81231,4.81787,1.92168,1.29145
-11.8946,-3.1325,5.46177,-0.671575,9.91378,-10.7321,-3.90437,4.91154,2.89624,7.07632
-12.3034,-1.74013,5.08201,0.707121,9.97322,-11.8946,-3.1325,5.46177,-0.671575,9.91378
-9.19057,-0.0791869,4.76493,-1.85171,1.02031,-8.95143,-1.54465,4.55225,-2.43698,1
-8.11976,0.00410196,5.81203,-2.9099,1.02031,-9.19057,-0.0791869,4.76493,-1.85171,1.02031
-6.66195,-0.11989,5.48124,0.392481,1.02031,-8.11976,0.00410196,5.81203,-2.9099,1.02031
-5.22144,0.285333,5.58478,1.98913,1.02031,-6.66195,-0.11989,5.48124,0.392481,1.02031
-3.8294,-0.272733,5.61284,-2.48365,1.02031,-5.22144,0.285333,5.58478,1.98913,1.02031
-9.58688,1.36712,4.73139,1.74102,1.03236,-9.19057,-0.0791869,4.76493,-1.85171,1.02031
-9.99876,2.73616,5.18538,-0.778059,1.03426,-9.58688,1.36712,4.73139,1.74102,1.03236
-4.95593,1.75816,5.68621,0.698435,1.02031,-5.22144,0.285333,5.58478,1.98913,1.02031
-11.4926,-1.82696,5.66993,2.5102,10.1422,-12.3034,-1.74013,5.08201,0.707121,9.97322
-3.90455,2.15689,4.69343,1.57822,1.02031,-4.95593,1.75816,5.68621,0.698435,1.02031
-12.0481,-2.85122,5.54471,1.20219,10.0433,-11.8946,-3.1325,5.46177,-0.671575,9.91378
