16.4262,-1.89886,7.6865,-0.781406,2.47444,15.3713,0.79986,6.90924,-0.0492337,1
15.3789,3.03199,4.90486,-1.13458,1.04463,15.3713,0.79986,6.90924,-0.0492337,1
14.9276,1.7001,2.90334,-0.4022,1.0462,15.3789,3.03199,4.90486,-1.13458,1.04463
14.995,-4.06604,6.18483,-2.59084,2.47444,16.4262,-1.89886,7.6865,-0.781406,2.47444
12.3981,3.13097,5.22834,1.18212,1.04463,15.3789,3.03199,4.90486,-1.13458,1.04463
14.4708,1.59679,1.62787,1.20237,1.05073,14.9276,1.7001,2.90334,-0.4022,1.0462
9.65928,2.0321,5.76826,1.6455,1.04463,12.3981,3.13097,5.22834,1.18212,1.04463
6.73697,2.68636,5.5893,0.249708,1.04463,9.65928,2.0321,5.76826,1.6455,1.04463
12.4456,-5.49318,5.50382,2.01554,2.47444,14.995,-4.06604,6.18483,-2.59084,2.47444
7.58597,0.287916,3.99975,-1.2328,1.04463,6.73697,2.68636,5.5893,0.249708,1.04463
6.95603,5.51403,6.56719,-3.07688,1.04463,6.73697,2.68636,5.5893,0.249708,1.04463
18.0849,1.81315,4.46668,1.57245,1.17248,15.3789,3.03199,4.90486,-1.13458,1.04463
3.75566,2.35481,5.54617,1.25307,1.04463,6.73697,2.68636,5.5893,0.249708,1.04463
0.950189,2.11937,4.50987,0.170591,1.04463,3.75566,2.35481,5.54617,1.25307,1.04463
12.814,-7.65951,3.46145,-1.51211,2.47444,12.4456,-5.49318,5.50382,2.01554,2.47444
