13.8766,4.92456,6.10055,-1.26029,1.52302,15.4095,7.12889,4.76224,0.377255,1
12.1674,2.50873,6.59283,1.36098,1.5278,13.8766,4.92456,6.10055,-1.26029,1.52302
13.0497,-0.353586,6.4234,1.18768,1.53784,12.1674,2.50873,6.59283,1.36098,1.5278
11.4286,-2.10418,4.60472,0.349608,1.57238,13.0497,-0.353586,6.4234,1.18768,1.53784
11.294,6.41646,5.77755,-0.919031,1.52302,13.8766,4.92456,6.10055,-1.26029,1.52302
8.44608,5.63695,5.24672,0.395436,1.52915,11.294,6.41646,5.77755,-0.919031,1.52302
8.59091,-2.99006,5.00796,1.38273,1.57238,11.4286,-2.10418,4.60472,0.349608,1.57238
7.8937,6.27774,8.12496,-1.98901,1.5303,8.44608,5.63695,5.24672,0.395436,1.52915
5.64587,-3.10979,5.56689,-1.1737,1.57257,8.59091,-2.99006,5.00796,1.38273,1.57238
4.93156,5.84599,7.92669,0.762055,1.5303,7.8937,6.27774,8.12496,-1.98901,1.5303
3.08601,-4.51645,6.25129,-1.29268,1.57257,5.64587,-3.10979,5.56689,-1.1737,1.57257
0.101976,-4.44224,6.55136,1.2243,1.57258,3.08601,-4.51645,6.25129,-1.29268,1.57257
3.85151,-2.31597,5.27156,2.92884,1.57261,5.64587,-3.10979,5.56689,-1.1737,1.57257
4.64197,3.11427,9.13245,-2.5721,1.5303,4.93156,5.84599,7.92669,0.762055,1.5303
-1.98018,-2.73091,5.2338,0.671337,1.57258,0.101976,-4.44224,6.55136,1.2243,1.57258
