9.19966,-1.68021,4.0449,-1.08117,1,7.76582,-2.1138,3.96697,1.13197,1
10.4689,-0.880981,4.06273,-0.968058,1,9.19966,-1.68021,4.0449,-1.08117,1
11.4983,0.0690445,3.52627,-3.0895,1,10.4689,-0.880981,4.06273,-0.968058,1
11.4313,1.56739,3.54841,1.68871,1,11.4983,0.0690445,3.52627,-3.0895,1
11.3201,3.01266,3.93419,2.79062,1.00743,11.4313,1.56739,3.54841,1.68871,1
12.7007,3.12248,3.35795,2.16953,1.00743,11.3201,3.01266,3.93419,2.79062,1.00743
13.1475,3.15731,1.92649,0.289551,1.01923,12.7007,3.12248,3.35795,2.16953,1.00743
9.93834,1.43829,3.48287,0.965413,1,11.4313,1.56739,3.54841,1.68871,1
6.2688,-2.02038,3.95265,-1.1835,1,7.76582,-2.1138,3.96697,1.13197,1
11.3684,-2.07648,4.1705,2.49811,1,10.4689,-0.880981,4.06273,-0.968058,1
12.8248,-2.26421,4.47656,-2.27296,1,11.3684,-2.07648,4.1705,2.49811,1
14.2192,-2.53106,3.99235,-0.861693,1.00009,12.8248,-2.26421,4.47656,-2.27296,1
6.07842,-3.23831,3.09801,2.1247,1,6.2688,-2.02038,3.95265,-1.1835,1
8.158,-1.82038,2.54919,2.08021,1,7.76582,-2.1138,3.96697,1.13197,1
6.56359,-3.02784,3.2106,0.495845,1,6.07842,-3.23831,3.09801,2.1247,1
