16.7284,-1.90727,3.09099,0.729215,1,15.4627,-2.34862,3.76427,-1.16406,1
17.341,-2.9138,2.16275,1.26105,1.00045,16.7284,-1.90727,3.09099,0.729215,1
14.044,-1.86261,3.73393,1.33912,1,15.4627,-2.34862,3.76427,-1.16406,1
12.7632,-1.10445,3.54731,-2.65152,1,14.044,-1.86261,3.73393,1.33912,1
11.3832,-1.67038,3.38853,1.12133,1,12.7632,-1.10445,3.54731,-2.65152,1
9.89543,-1.66566,3.19715,-2.60553,1,11.3832,-1.67038,3.38853,1.12133,1
8.44031,-2.02976,3.20445,2.38375,1,9.89543,-1.66566,3.19715,-2.60553,1
7.15813,-1.28382,2.98174,1.54449,1,8.44031,-2.02976,3.20445,2.38375,1
14.7085,-0.842181,4.60977,3.03555,1,14.044,-1.86261,3.73393,1.33912,1
6.16528,-2.36376,2.66871,0.605833,1,7.15813,-1.28382,2.98174,1.54449,1
8.75018,-3.1268,2.22953,0.104584,1,8.44031,-2.02976,3.20445,2.38375,1
4.76335,-2.89252,2.73941,1.95015,1,6.16528,-2.36376,2.66871,0.605833,1
3.73596,-1.90422,3.20604,-1.96135,1,4.76335,-2.89252,2.73941,1.95015,1
17.2203,-0.878789,4.0658,1.43648,1.00045,16.7284,-1.90727,3.09099,0.729215,1
2.25436,-1.68014,3.13789,0.530699,1,3.73596,-1.90422,3.20604,-1.96135,1
