8.15549,3.23407,3.81358,2.61687,1.08644,9.58553,2.82362,4.00464,0.495269,1
6.65723,3.27566,3.75433,-1.25084,1.08734,8.15549,3.23407,3.81358,2.61687,1.08644
6.05536,1.91217,3.58505,1.79411,1.08734,6.65723,3.27566,3.75433,-1.25084,1.08734
6.47474,0.473619,3.65352,-2.01768,1.08734,6.05536,1.91217,3.58505,1.79411,1.08734
6.12116,-0.958112,3.37941,-0.531759,1.08734,6.47474,0.473619,3.65352,-2.01768,1.08734
6.89966,-2.1188,2.83466,2.41292,1.08736,6.12116,-0.958112,3.37941,-0.531759,1.08734
6.08852,-3.35781,2.59614,2.56541,1.08736,6.89966,-2.1188,2.83466,2.41292,1.08736
8.33268,-2.51552,3.0323,-2.61438,1.08736,6.89966,-2.1188,2.83466,2.41292,1.08736
10.9763,3.3056,3.71559,1.87341,1,9.58553,2.82362,4.00464,0.495269,1
5.9493,-2.82831,1.55742,-1.91582,1.08736,6.08852,-3.35781,2.59614,2.56541,1.08736
9.11001,-1.238,3.1493,-0.56854,1.08736,8.33268,-2.51552,3.0323,-2.61438,1.08736
11.0817,2.55862,2.4191,1.94856,1,10.9763,3.3056,3.71559,1.87341,1
9.54099,-1.195,3.97481,-1.06365,1.08736,9.11001,-1.238,3.1493,-0.56854,1.08736
12.5281,2.45014,2.03677,1.39845,1,11.0817,2.55862,2.4191,1.94856,1
4.47375,-3.08874,1.62775,1.55695,1.08736,5.9493,-2.82831,1.55742,-1.91582,1.08736
