12.8218,-2.62265,1.8789,-0.398472,3.73736,14.172,-2.77685,2.5139,-1.69089,1
11.3363,-2.4204,1.9291,0.0441932,4.61984,12.8218,-2.62265,1.8789,-0.398472,3.73736
9.85831,-2.25166,2.12153,2.87114,4.64472,11.3363,-2.4204,1.9291,0.0441932,4.61984
8.38816,-2.54582,2.16762,0.251879,4.64835,9.85831,-2.25166,2.12153,2.87114,4.64472
7.25794,-1.59754,2.43849,2.8272,4.65176,8.38816,-2.54582,2.16762,0.251879,4.64835
6.4656,-0.370556,2.78011,-2.64346,4.65176,7.25794,-1.59754,2.43849,2.8272,4.65176
6.56237,0.945665,3.49298,2.18418,4.82882,6.4656,-0.370556,2.78011,-2.64346,4.65176
14.8747,-1.79775,3.40692,2.0955,1.02126,14.172,-2.77685,2.5139,-1.69089,1
6.56105,-2.71313,3.15947,2.8711,4.65176,7.25794,-1.59754,2.43849,2.8272,4.65176
15.6302,-0.556157,3.7779,1.46167,1.26358,14.8747,-1.79775,3.40692,2.0955,1.02126
14.2333,-0.460781,3.52553,-1.38134,1.32295,15.6302,-0.556157,3.7779,1.46167,1.26358
6.82098,-2.37236,1.23071,-0.635329,4.6794,7.25794,-1.59754,2.43849,2.8272,4.65176
5.37533,-2.10296,1.52657,0.303719,4.68477,6.82098,-2.37236,1.23071,-0.635329,4.6794
3.8945,-2.34052,1.55269,0.250245,4.68565,5.37533,-2.10296,1.52657,0.303719,4.68477
2.51141,-2.89152,1.73561,0.851474,4.68565,3.8945,-2.34052,1.55269,0.250245,4.68565
