-12.1502,-1.70194,1.72754,1.88646,8.60794,-12.1344,-0.253776,1.33692,-2.96934,1
-11.2831,-2.92592,1.72371,-1.22665,17.8054,-12.1502,-1.70194,1.72754,1.88646,8.60794
-11.8723,-3.1808,3.07814,-2.36213,22.8455,-11.2831,-2.92592,1.72371,-1.22665,17.8054
-10.7236,0.253894,1.37841,1.07894,13.5607,-12.1344,-0.253776,1.33692,-2.96934,1
-10.526,1.73878,1.30054,0.916071,15.8235,-10.7236,0.253894,1.37841,1.07894,13.5607
-9.3007,0.215027,1.85163,1.01593,27.5496,-10.7236,0.253894,1.37841,1.07894,13.5607
-13.3236,-3.54286,3.19065,-0.721298,25.8722,-11.8723,-3.1808,3.07814,-2.36213,22.8455
-13.5906,0.0173736,1.10021,2.04306,1.00047,-12.1344,-0.253776,1.33692,-2.96934,1
-14.6779,-3.88583,3.7366,-2.83081,27.2483,-13.3236,-3.54286,3.19065,-0.721298,25.8722
-13.9898,1.46281,1.06301,-1.02676,1.92423,-13.5906,0.0173736,1.10021,2.04306,1.00047
-15.876,-3.69173,2.85519,1.96965,27.4143,-14.6779,-3.88583,3.7366,-2.83081,27.2483
-14.2968,-0.121481,1.41018,-1.69958,1.47423,-13.5906,0.0173736,1.10021,2.04306,1.00047
-11.7351,1.92543,1.09519,2.56075,15.8962,-10.526,1.73878,1.30054,0.916071,15.8235
-15.1699,0.168785,2.59482,-1.82177,4.26962,-14.2968,-0.121481,1.41018,-1.69958,1.47423
-14.3117,0.0955298,1.30527,-2.80596,1.70227,-14.2968,-0.121481,1.41018,-1.69958,1.47423
