10.4793,3.11146,2.78222,3.06821,1.00897,11.0056,2.23202,2.87131,-2.1273,1
12.4752,2.31297,2.58196,2.12739,1,11.0056,2.23202,2.87131,-2.1273,1
12.4401,0.996095,3.29931,-2.33172,1,12.4752,2.31297,2.58196,2.12739,1
9.86116,1.50378,3.51159,0.0543787,1,11.0056,2.23202,2.87131,-2.1273,1
9.99381,0.101057,4.02617,0.698382,1,9.86116,1.50378,3.51159,0.0543787,1
10.2569,-1.37035,3.90059,-0.0198558,1,9.99381,0.101057,4.02617,0.698382,1
8.78984,-1.64857,3.75773,-0.754863,1,10.2569,-1.37035,3.90059,-0.0198558,1
7.3351,-2.01382,3.77625,2.80614,1,8.78984,-1.64857,3.75773,-0.754863,1
6.37606,-1.04952,3.14351,-2.59307,1,7.3351,-2.01382,3.77625,2.80614,1
6.4072,-3.1923,3.76353,-2.34784,1,7.3351,-2.01382,3.77625,2.80614,1
11.1253,1.03272,1.97836,-1.80124,1,11.0056,2.23202,2.87131,-2.1273,1
11.4233,-1.20015,4.8282,-2.1675,1,10.2569,-1.37035,3.90059,-0.0198558,1
10.8279,-0.271707,1.30011,3.12501,1,11.1253,1.03272,1.97836,-1.80124,1
11.5549,-1.03657,4.01717,0.401133,1,11.4233,-1.20015,4.8282,-2.1675,1
10.0954,-2.57473,4.69973,-1.73945,1,10.2569,-1.37035,3.90059,-0.0198558,1
