-11.6135,8.34969,3.89388,0.288667,10.5906,-11.7659,8.3722,4.00725,-0.270625,1
-12.1946,6.93913,4.11924,1.45829,5.37411,-11.7659,8.3722,4.00725,-0.270625,1
-11.0583,5.98066,3.91888,1.61834,8.70478,-12.1946,6.93913,4.11924,1.45829,5.37411
-10.608,4.83626,4.77773,0.486744,9.14081,-11.0583,5.98066,3.91888,1.61834,8.70478
-10.6506,3.59952,3.93,-3.10056,9.16312,-10.608,4.83626,4.77773,0.486744,9.14081
-9.11645,4.68883,4.83715,-0.443836,9.30491,-10.608,4.83626,4.77773,0.486744,9.14081
-10.9939,7.11393,4.33203,2.97022,9.03971,-11.0583,5.98066,3.91888,1.61834,8.70478
-10.7412,6.17838,2.46617,-1.13477,8.85371,-11.0583,5.98066,3.91888,1.61834,8.70478
-11.1455,9.75637,3.66531,1.0974,10.5906,-11.6135,8.34969,3.89388,0.288667,10.5906
-9.66281,9.53046,3.64374,-0.10503,10.5906,-11.1455,9.75637,3.66531,1.0974,10.5906
-9.57995,5.90879,1.55579,1.52705,8.87178,-10.7412,6.17838,2.46617,-1.13477,8.85371
-9.68485,5.82183,3.88241,1.65675,10.4698,-11.0583,5.98066,3.91888,1.61834,8.70478
-8.80327,6.92474,4.38877,0.913452,10.6415,-9.68485,5.82183,3.88241,1.65675,10.4698
-8.75884,8.49472,3.04369,0.446383,10.5906,-9.66281,9.53046,3.64374,-0.10503,10.5906
-12.0827,4.60312,4.92221,1.78708,9.85616,-10.608,4.83626,4.77773,0.486744,9.14081
