-3.80189,-2.30713,1.59487,0.473555,1,-2.3203,-2.53162,1.52796,-2.70649,1
-5.1532,-2.84794,1.95749,0.583872,1,-3.80189,-2.30713,1.59487,0.473555,1
-4.42604,-4.15729,2.04031,-3.09785,1,-5.1532,-2.84794,1.95749,0.583872,1
-4.09359,-5.55173,1.5987,-0.982431,1.00259,-4.42604,-4.15729,2.04031,-3.09785,1
-6.43595,-2.63241,2.3563,-1.71846,1,-5.1532,-2.84794,1.95749,0.583872,1
-7.15994,-1.31918,2.39213,0.366506,1,-6.43595,-2.63241,2.3563,-1.71846,1
-0.848077,-2.3191,1.72137,-3.13714,1,-2.3203,-2.53162,1.52796,-2.70649,1
-6.35902,-0.0509918,2.40721,-3.12452,1,-7.15994,-1.31918,2.39213,0.366506,1
0.619493,-2.16551,1.9909,0.617143,1,-0.848077,-2.3191,1.72137,-3.13714,1
2.02012,-2.57775,2.33483,3.10314,1,0.619493,-2.16551,1.9909,0.617143,1
-7.01688,1.29382,2.31395,-0.168482,1,-6.35902,-0.0509918,2.40721,-3.12452,1
2.8776,-1.41578,2.74046,1.25217,1,2.02012,-2.57775,2.33483,3.10314,1
1.23932,-3.85782,2.29265,2.47317,1,2.02012,-2.57775,2.33483,3.10314,1
4.0877,-2.24017,3.06612,1.77468,1,2.8776,-1.41578,2.74046,1.25217,1
2.29095,-0.038848,2.64094,3.06676,1,2.8776,-1.41578,2.74046,1.25217,1
