-14.2727,-1.61783,3.8764,2.2617,13.8385,-13.8861,-0.174016,4.00258,0.289888,1
-15.564,-1.21948,4.52744,2.31597,21.2174,-14.2727,-1.61783,3.8764,2.2617,13.8385
-12.8515,0.911688,4.02979,-1.72448,2.01228,-13.8861,-0.174016,4.00258,0.289888,1
-16.6994,-1.36201,3.55765,-3.06033,21.895,-15.564,-1.21948,4.52744,2.31597,21.2174
-11.352,0.931882,4.06343,-1.40598,2.88941,-12.8515,0.911688,4.02979,-1.72448,2.01228
-17.2124,-2.47988,3.60837,-2.93307,22.0399,-16.6994,-1.36201,3.55765,-3.06033,21.895
-10.0917,0.143735,3.86224,0.0168047,2.90216,-11.352,0.931882,4.06343,-1.40598,2.88941
-9.98977,-1.28626,4.30351,-1.5536,3.07397,-10.0917,0.143735,3.86224,0.0168047,2.90216
-14.7035,-2.7855,4.71365,2.20615,19.8799,-14.2727,-1.61783,3.8764,2.2617,13.8385
-9.42552,0.853822,2.72118,1.41443,2.90216,-10.0917,0.143735,3.86224,0.0168047,2.90216
-9.28671,-2.55613,3.92514,-1.85049,3.10598,-9.98977,-1.28626,4.30351,-1.5536,3.07397
-9.33728,-4.03331,4.18084,2.24837,3.13539,-9.28671,-2.55613,3.92514,-1.85049,3.10598
-14.8353,-4.27119,4.8729,-2.86165,19.9374,-14.7035,-2.7855,4.71365,2.20615,19.8799
-9.08881,-5.06003,3.1159,0.860842,3.13539,-9.33728,-4.03331,4.18084,2.24837,3.13539
-8.75789,-6.40194,3.69881,1.58943,3.14214,-9.08881,-5.06003,3.1159,0.860842,3.13539
