-4.33548,1.5966,1.90846,-0.792139,1,-4.91973,0.216288,1.85028,-0.202799,1
-4.00353,2.53064,1.13056,-0.990782,1,-4.33548,1.5966,1.90846,-0.792139,1
-3.12207,3.74163,1.0497,1.08746,1,-4.00353,2.53064,1.13056,-0.990782,1
-3.7249,5.11475,1.01572,0.792608,1,-3.12207,3.74163,1.0497,1.08746,1
-4.9899,5.91532,1.10992,-0.0852278,1,-3.7249,5.11475,1.01572,0.792608,1
-6.28237,6.58273,1.47607,1.2964,1.00001,-4.9899,5.91532,1.10992,-0.0852278,1
-6.41256,0.362565,1.84286,1.83147,1,-4.91973,0.216288,1.85028,-0.202799,1
-7.89284,0.536277,2.01196,-1.05058,1,-6.41256,0.362565,1.84286,1.83147,1
-4.40846,-1.18612,1.70246,0.291617,1,-4.91973,0.216288,1.85028,-0.202799,1
-3.52166,-2.35316,2.02125,2.12432,1,-4.40846,-1.18612,1.70246,0.291617,1
-2.06073,-2.23326,2.3395,-2.13113,1,-3.52166,-2.35316,2.02125,2.12432,1
-4.14749,-3.69293,1.76954,0.27758,1,-3.52166,-2.35316,2.02125,2.12432,1
-0.590555,-2.25312,2.63649,0.626329,1.01523,-2.06073,-2.23326,2.3395,-2.13113,1
-0.0317089,-3.28239,1.69932,1.73412,1.01585,-0.590555,-2.25312,2.63649,0.626329,1.01523
-3.10421,6.15214,1.90373,1.12064,1,-3.7249,5.11475,1.01572,0.792608,1
