-2.06073,-2.23326,2.3395,-2.13113,1,-3.52166,-2.35316,2.02125,2.12432,1
-0.590555,-2.25312,2.63649,0.626329,1.06828,-2.06073,-2.23326,2.3395,-2.13113,1
-0.710197,-0.781382,2.37252,2.48098,1.06828,-0.590555,-2.25312,2.63649,0.626329,1.06828
-1.25833,0.591602,2.62642,0.829924,1.07694,-0.710197,-0.781382,2.37252,2.48098,1.06828
-5.02044,-2.38644,1.97073,-1.62907,1,-3.52166,-2.35316,2.02125,2.12432,1
-4.98986,-3.83709,2.35113,2.64862,1,-5.02044,-2.38644,1.97073,-1.62907,1
0.0244754,1.3524,2.46645,-1.48557,1.07767,-1.25833,0.591602,2.62642,0.829924,1.07694
-6.09884,-1.34709,1.88835,1.25495,1,-5.02044,-2.38644,1.97073,-1.62907,1
-6.25651,-4.57854,2.04155,2.82674,1,-4.98986,-3.83709,2.35113,2.64862,1
-0.318563,-3.69726,2.93727,-1.90163,1.06828,-0.590555,-2.25312,2.63649,0.626329,1.06828
-7.5108,-4.32445,2.82399,0.336298,1,-6.25651,-4.57854,2.04155,2.82674,1
1.12916,-3.48474,2.60721,2.54953,1.07017,-0.318563,-3.69726,2.93727,-1.90163,1.06828
-6.2757,0.132441,2.06075,1.92003,1,-6.09884,-1.34709,1.88835,1.25495,1
2.60268,-3.76183,2.56299,2.69942,1.07158,1.12916,-3.48474,2.60721,2.54953,1.07017
1.48762,1.63988,2.62945,0.612835,1.07769,0.0244754,1.3524,2.46645,-1.48557,1.07767
