-9.9643,8.66988,4.87484,-2.61255,1.66556,-11.2644,9.37761,5.11729,3.01813,1
-8.8638,7.65308,4.80407,0.0765336,1.66556,-9.9643,8.66988,4.87484,-2.61255,1.66556
-9.6751,6.39328,4.87257,-2.62586,1.66599,-8.8638,7.65308,4.80407,0.0765336,1.66556
-10.4743,5.28122,4.26046,-0.119671,2.00887,-9.6751,6.39328,4.87257,-2.62586,1.66599
-10.4313,3.78438,4.17319,-2.45832,2.00927,-10.4743,5.28122,4.26046,-0.119671,2.00887
-9.13147,5.2371,3.59339,0.361385,2.00887,-10.4743,5.28122,4.26046,-0.119671,2.00887
-11.7027,9.71627,3.72329,-0.51652,1.00047,-11.2644,9.37761,5.11729,3.01813,1
-12.5566,8.62274,5.01455,1.99419,1,-11.2644,9.37761,5.11729,3.01813,1
-9.90373,5.98545,2.54764,0.830307,2.0097,-9.13147,5.2371,3.59339,0.361385,2.00887
-12.7787,7.14039,4.95718,-0.78081,1.10108,-12.5566,8.62274,5.01455,1.99419,1
-11.7007,9.4662,4.88459,-0.29812,1.26137,-11.2644,9.37761,5.11729,3.01813,1
-9.75681,7.09571,1.54978,0.353802,2.01101,-9.90373,5.98545,2.54764,0.830307,2.0097
-10.791,8.09288,1.11827,0.483304,2.01375,-9.75681,7.09571,1.54978,0.353802,2.01101
-8.50429,7.87064,1.26572,-2.06499,2.01167,-9.75681,7.09571,1.54978,0.353802,2.01101
-10.2296,6.49136,2.26256,-2.94105,2.0097,-9.90373,5.98545,2.54764,0.830307,2.0097
