-0.295209,-3.61865,1.85459,-0.775399,1,-0.844272,-2.30154,1.39226,0.800819,1
1.18982,-3.8289,1.83231,-0.554602,1,-0.295209,-3.61865,1.85459,-0.775399,1
2.32218,-2.84523,1.84418,3.09398,1,1.18982,-3.8289,1.83231,-0.554602,1
3.60216,-3.56886,2.14081,0.582467,1,2.32218,-2.84523,1.84418,3.09398,1
4.36522,-2.27816,2.18358,-2.80521,1,3.60216,-3.56886,2.14081,0.582467,1
-0.999942,-0.995093,2.11264,-1.67146,1,-0.844272,-2.30154,1.39226,0.800819,1
-0.189202,-0.344149,3.19383,-2.88795,1,-0.999942,-0.995093,2.11264,-1.67146,1
5.83896,-2.0901,2.3903,-2.92248,1,4.36522,-2.27816,2.18358,-2.80521,1
-0.204749,1.02542,2.58225,-1.99492,1,-0.189202,-0.344149,3.19383,-2.88795,1
1.32243,-4.22365,3.27334,0.0196392,1,1.18982,-3.8289,1.83231,-0.554602,1
7.21533,-2.60553,2.6902,1.57614,1,5.83896,-2.0901,2.3903,-2.92248,1
3.83651,-2.41383,3.58074,-0.107764,1,4.36522,-2.27816,2.18358,-2.80521,1
8.7106,-2.66297,2.58587,0.189478,1,7.21533,-2.60553,2.6902,1.57614,1
9.92791,-3.35518,3.12345,-2.78339,1,8.7106,-2.66297,2.58587,0.189478,1
8.07227,-3.57231,3.4761,1.75829,1,8.7106,-2.66297,2.58587,0.189478,1
8.99296,-1.22424,2.90259,2.26868,1,8.7106,-2.66297,2.58587,0.189478,1
-2.3203,-2.53162,1.52796,-2.70649,1,-0.844272,-2.30154,1.39226,0.800819,1
-3.80189,-2.30713,1.59487,0.473555,1,-2.3203,-2.53162,1.52796,-2.70649,1
-5.1532,-2.84794,1.95749,0.583872,1,-3.80189,-2.30713,1.59487,0.473555,1
-5.9917,-2.32107,3.08413,2.25482,1,-5.1532,-2.84794,1.95749,0.583872,1
-5.81523,-2.80896,2.2923,-0.362428,1,-5.1532,-2.84794,1.95749,0.583872,1
-4.42604,-4.15729,2.04031,-3.09785,1,-5.1532,-2.84794,1.95749,0.583872,1
6.22902,-2.35195,3.6521,1.01321,1,5.83896,-2.0901,2.3903,-2.92248,1
-7.07203,-1.28062,3.10296,-0.373774,1,-5.9917,-2.32107,3.08413,2.25482,1
0.562654,-3.29793,2.45222,-2.44197,1,1.18982,-3.8289,1.83231,-0.554602,1
-6.20944,-3.19834,3.49627,-3.01604,1,-5.9917,-2.32107,3.08413,2.25482,1
-7.57434,-3.80018,3.33874,-1.00712,1,-6.20944,-3.19834,3.49627,-3.01604,1
10.4831,-3.04544,4.48205,0.460764,1,9.92791,-3.35518,3.12345,-2.78339,1
9.35206,0.17162,2.4871,-1.44701,1,8.99296,-1.22424,2.90259,2.26868,1
-5.49607,-4.11545,4.44496,0.120007,1,-6.20944,-3.19834,3.49627,-3.01604,1
11.8978,-2.54868,4.43826,-2.59846,1,10.4831,-3.04544,4.48205,0.460764,1
-7.16225,0.147345,2.65266,-2.22723,1,-7.07203,-1.28062,3.10296,-0.373774,1
-6.52538,1.40642,3.1617,-1.20627,1,-7.16225,0.147345,2.65266,-2.22723,1
-7.6862,-5.28913,3.1955,2.93867,1,-7.57434,-3.80018,3.33874,-1.00712,1
-6.72451,-6.42588,3.37709,-1.33729,1,-7.6862,-5.28913,3.1955,2.93867,1
-4.09359,-5.55173,1.5987,-0.982431,1.00122,-4.42604,-4.15729,2.04031,-3.09785,1
