6.78841,0.656161,1.9097,1.17457,2,5.33997,0.627967,1.52083,0.975417,2
8.27689,0.817809,2.00076,2.50696,2,6.78841,0.656161,1.9097,1.17457,2
9.67132,0.523326,1.53294,-1.93526,2,8.27689,0.817809,2.00076,2.50696,2
11.1172,0.619223,1.9207,1.94363,2,9.67132,0.523326,1.53294,-1.93526,2
11.3647,2.06685,1.6156,-2.7406,2,11.1172,0.619223,1.9207,1.94363,2
11.5162,3.55823,1.5623,0.589938,2,11.3647,2.06685,1.6156,-2.7406,2
11.4159,2.92492,1.07719,2.39224,2.00202,11.5162,3.55823,1.5623,0.589938,2
4.20209,-0.328846,1.32146,2.96675,2,5.33997,0.627967,1.52083,0.975417,2
3.11461,0.61139,1.74965,1.86956,2,4.20209,-0.328846,1.32146,2.96675,2
3.19809,-1.44244,1.36479,1.47504,2,4.20209,-0.328846,1.32146,2.96675,2
3.15364,-2.94102,1.31689,-1.87359,2,3.19809,-1.44244,1.36479,1.47504,2
3.98823,-4.13898,0.972875,2.91308,2,3.15364,-2.94102,1.31689,-1.87359,2
4.42444,-5.51411,1.38366,2.42646,2,3.98823,-4.13898,0.972875,2.91308,2
5.24087,0.0348366,1.24424,-0.260422,2,5.33997,0.627967,1.52083,0.975417,2
11.9527,4.87357,2.13619,1.9704,2,11.5162,3.55823,1.5623,0.589938,2
3.3808,0.398571,0.72934,-0.595528,2,3.11461,0.61139,1.74965,1.86956,2
4.06585,-0.46565,0.741197,2.75366,2,4.20209,-0.328846,1.32146,2.96675,2
11.3583,-0.845733,1.70677,2.72312,2,11.1172,0.619223,1.9207,1.94363,2
4.41684,-2.66176,1.49864,-1.10029,2,3.15364,-2.94102,1.31689,-1.87359,2
11.537,-2.29912,2.03192,-1.71095,2,11.3583,-0.845733,1.70677,2.72312,2
10.1694,0.882443,1.2825,-2.87227,2,9.67132,0.523326,1.53294,-1.93526,2
11.7496,-3.77582,1.87643,2.28765,2,11.537,-2.29912,2.03192,-1.71095,2
12.4904,-3.6845,0.575375,-0.170632,2,11.7496,-3.77582,1.87643,2.28765,2
3.80649,1.81582,0.483999,2.28449,2,3.3808,0.398571,0.72934,-0.595528,2
3.24508,3.20674,0.496506,-2.65238,2,3.80649,1.81582,0.483999,2.28449,2
1.92458,3.40742,1.17916,1.48731,2,3.24508,3.20674,0.496506,-2.65238,2
0.456274,3.68738,1.30442,0.43304,2,1.92458,3.40742,1.17916,1.48731,2
-0.886958,3.01983,1.29397,3.11668,2,0.456274,3.68738,1.30442,0.43304,2
-1.90018,3.79401,2.08392,0.745151,2,-0.886958,3.01983,1.29397,3.11668,2
0.563831,5.17989,1.20027,-2.63208,2,0.456274,3.68738,1.30442,0.43304,2
