3.84286,4.02814,5.31078,-1.01373,2,3.94147,4.70312,5.0413,-1.19977,2
3.44541,3.7656,4.80836,-0.146414,2,3.84286,4.02814,5.31078,-1.01373,2
3.62013,6.14373,4.77416,-2.63717,2,3.94147,4.70312,5.0413,-1.19977,2
4.64369,3.01314,4.31044,-1.75284,2,3.44541,3.7656,4.80836,-0.146414,2
4.03651,1.64768,4.18064,2.7416,2,4.64369,3.01314,4.31044,-1.75284,2
2.55446,1.41651,4.17033,-1.83676,2,4.03651,1.64768,4.18064,2.7416,2
1.96405,0.0388533,4.2292,-1.20454,2.00117,2.55446,1.41651,4.17033,-1.83676,2
1.28775,-1.28493,4.42975,-1.19887,2.00117,1.96405,0.0388533,4.2292,-1.20454,2.00117
-0.153832,-1.65756,4.24811,-0.848711,2.00235,1.28775,-1.28493,4.42975,-1.19887,2.00117
5.20262,1.34861,5.07548,2.68772,2,4.03651,1.64768,4.18064,2.7416,2
6.5604,1.61269,4.49522,1.76996,2,5.20262,1.34861,5.07548,2.68772,2
6.95637,0.181073,4.70422,0.87041,2,6.5604,1.61269,4.49522,1.76996,2
6.91049,-0.0177302,5.3769,2.32487,2,6.95637,0.181073,4.70422,0.87041,2
7.63911,-1.2608,4.95988,-2.4644,2,6.91049,-0.0177302,5.3769,2.32487,2
7.63527,1.33425,5.08773,-1.42221,2,6.5604,1.61269,4.49522,1.76996,2
8.92465,1.55375,4.35333,-0.156407,2,7.63527,1.33425,5.08773,-1.42221,2
4.40499,5.75588,5.593,2.69046,2,3.62013,6.14373,4.77416,-2.63717,2
7.56025,1.36509,5.58826,0.994898,2,7.63527,1.33425,5.08773,-1.42221,2
7.58754,2.8595,5.71475,-1.08311,2,7.56025,1.36509,5.58826,0.994898,2
5.66704,-0.75839,5.77092,2.91913,2,6.91049,-0.0177302,5.3769,2.32487,2
4.66641,-0.894086,5.51159,-0.553718,2,5.66704,-0.75839,5.77092,2.91913,2
7.56436,4.33694,5.45658,-2.37969,2,7.58754,2.8595,5.71475,-1.08311,2
2.33681,1.49533,4.98828,0.021284,2,2.55446,1.41651,4.17033,-1.83676,2
1.2014,-1.82932,4.37258,-1.54952,2.00117,1.28775,-1.28493,4.42975,-1.19887,2.00117
4.23722,-0.178852,5.07114,0.94297,2,4.66641,-0.894086,5.51159,-0.553718,2
2.33281,-0.882817,4.8811,0.145837,2.00117,1.96405,0.0388533,4.2292,-1.20454,2.00117
-0.576455,-2.00764,5.22256,-2.46914,2.00867,-0.153832,-1.65756,4.24811,-0.848711,2.00235
4.64632,5.19885,5.71594,-0.699219,2,4.40499,5.75588,5.593,2.69046,2
7.34018,4.98407,4.12206,-1.63033,2,7.56436,4.33694,5.45658,-2.37969,2
7.50724,5.15618,2.64136,-1.97661,2,7.34018,4.98407,4.12206,-1.63033,2
