7.28331,3.76597,3.26986,1.85238,2,7.20404,5.06402,3.62814,1.1198,2
7.34902,2.75692,2.16194,3.02033,2,7.28331,3.76597,3.26986,1.85238,2
7.21098,2.45205,2.22467,0.92625,2,7.34902,2.75692,2.16194,3.02033,2
7.50142,1.88271,0.867654,-2.82759,2,7.21098,2.45205,2.22467,0.92625,2
7.00277,0.575675,1.40895,-1.34542,2.00109,7.50142,1.88271,0.867654,-2.82759,2
7.09509,-0.877127,1.04722,-1.57209,2.00263,7.00277,0.575675,1.40895,-1.34542,2.00109
6.52764,-2.16744,1.56017,-0.809565,2.00263,7.09509,-0.877127,1.04722,-1.57209,2.00263
6.95289,-3.38817,2.32107,3.05312,2.00289,6.52764,-2.16744,1.56017,-0.809565,2.00263
7.46694,-4.79296,2.21007,2.12964,2.00302,6.95289,-3.38817,2.32107,3.05312,2.00289
6.16531,-5.5384,2.20171,2.51787,2.00312,7.46694,-4.79296,2.21007,2.12964,2.00302
6.57896,4.86799,4.49181,2.60563,2,7.20404,5.06402,3.62814,1.1198,2
7.07244,4.01998,3.6191,-2.96941,2,7.28331,3.76597,3.26986,1.85238,2
6.55578,4.74256,5.57117,-1.05982,2,6.57896,4.86799,4.49181,2.60563,2
7.32614,4.67438,3.16897,3.06087,2,7.20404,5.06402,3.62814,1.1198,2
6.34585,-4.05134,2.5086,2.21803,2.00381,6.95289,-3.38817,2.32107,3.05312,2.00289
5.53146,0.60706,1.11869,2.73903,2.0016,7.00277,0.575675,1.40895,-1.34542,2.00109
4.10115,1.05731,1.15736,-1.90736,2.0016,5.53146,0.60706,1.11869,2.73903,2.0016
3.58262,-0.199489,1.79108,0.0944658,2.00187,4.10115,1.05731,1.15736,-1.90736,2.0016
6.69916,-4.23178,1.91013,1.93245,2.00381,6.34585,-4.05134,2.5086,2.21803,2.00381
3.86014,2.51003,1.44286,-1.14898,2.0016,4.10115,1.05731,1.15736,-1.90736,2.0016
2.40639,2.86652,1.34522,-1.09751,2.0016,3.86014,2.51003,1.44286,-1.14898,2.0016
0.912188,2.79378,1.23534,1.41362,2.00161,2.40639,2.86652,1.34522,-1.09751,2.0016
-0.544268,2.77268,1.59352,-2.35878,2.00161,0.912188,2.79378,1.23534,1.41362,2.00161
-1.84444,2.27751,2.1542,2.92553,2.00161,-0.544268,2.77268,1.59352,-2.35878,2.00161
-1.03854,4.17619,1.40417,-1.94754,2.00161,-0.544268,2.77268,1.59352,-2.35878,2.00161
-1.73587,5.46621,1.08863,0.645176,2.00161,-1.03854,4.17619,1.40417,-1.94754,2.00161
3.86778,2.61763,0.762418,-2.75907,2.0016,3.86014,2.51003,1.44286,-1.14898,2.0016
-1.07626,6.16236,2.06861,-2.95723,2.00161,-1.73587,5.46621,1.08863,0.645176,2.00161
0.306172,4.73288,1.74593,-0.397156,2.00161,-1.03854,4.17619,1.40417,-1.94754,2.00161
7.54932,2.59472,4.16844,-2.84441,2,7.28331,3.76597,3.26986,1.85238,2
