9.81556,11.6866,17.3672,-0.354918,23.3987,8.18263,9.98371,15.5142,-0.650839,1
10.632,11.6904,20.2539,2.72108,31.383,9.81556,11.6866,17.3672,-0.354918,23.3987
10.531,9.32357,13.7679,1.04081,42.4986,8.18263,9.98371,15.5142,-0.650839,1
5.8909,8.06621,15.7809,1.69066,7.65463,8.18263,9.98371,15.5142,-0.650839,1
4.71842,6.00118,17.6142,-0.931528,9.70506,5.8909,8.06621,15.7809,1.69066,7.65463
4.98738,3.10579,16.8763,0.701205,9.73333,4.71842,6.00118,17.6142,-0.931528,9.70506
1.73425,5.81169,17.8568,-0.44066,9.76017,4.71842,6.00118,17.6142,-0.931528,9.70506
0.0941701,7.57637,16.069,-2.97577,9.76017,1.73425,5.81169,17.8568,-0.44066,9.76017
-1.86897,5.33712,15.7059,-0.0819836,9.76119,0.0941701,7.57637,16.069,-2.97577,9.76017
-4.68477,6.35559,15.5216,-2.10151,9.76119,-1.86897,5.33712,15.7059,-0.0819836,9.76119
-1.17381,3.63629,13.3344,-0.652399,9.76402,-1.86897,5.33712,15.7059,-0.0819836,9.76119
-0.495257,8.8874,13.4358,-1.45123,9.76019,0.0941701,7.57637,16.069,-2.97577,9.76017
-5.99144,7.47173,13.0626,-0.364852,9.76119,-4.68477,6.35559,15.5216,-2.10151,9.76119
-8.54686,8.84282,12.2945,-1.67983,9.76121,-5.99144,7.47173,13.0626,-0.364852,9.76119
8.16792,8.26157,12.2552,-2.77168,42.7966,10.531,9.32357,13.7679,1.04081,42.4986
