-4.22839,-9.88851,10.6512,-2.43882,61.8003,-4.76258,-10.9036,13.4233,0.896023,1
-1.81562,-10.709,13.9501,1.49985,3.67042,-4.76258,-10.9036,13.4233,0.896023,1
0.476657,-9.2353,12.6956,-0.963051,13.4012,-1.81562,-10.709,13.9501,1.49985,3.67042
-3.00079,-9.91125,16.5881,2.30849,3.99902,-1.81562,-10.709,13.9501,1.49985,3.67042
-2.84301,-7.0598,17.507,0.704167,3.99911,-3.00079,-9.91125,16.5881,2.30849,3.99902
-1.51591,-4.37057,17.4241,-0.950085,4.00047,-2.84301,-7.0598,17.507,0.704167,3.99911
-1.72628,-1.41468,16.9567,0.258475,4.00047,-1.51591,-4.37057,17.4241,-0.950085,4.00047
-0.583741,-0.338772,14.4,-1.77391,4.00047,-1.72628,-1.41468,16.9567,0.258475,4.00047
1.23739,-4.3113,18.614,0.31712,4.00125,-1.51591,-4.37057,17.4241,-0.950085,4.00047
-3.62874,0.47859,18.2969,-1.65583,4.00055,-1.72628,-1.41468,16.9567,0.258475,4.00047
-7.33429,-10.616,14.9411,-2.70646,63.0177,-4.76258,-10.9036,13.4233,0.896023,1
-5.56265,1.85679,16.4637,-0.198504,4.00055,-3.62874,0.47859,18.2969,-1.65583,4.00055
-3.59493,-6.53597,19.3917,-2.47142,4.02634,-2.84301,-7.0598,17.507,0.704167,3.99911
-6.56437,3.2965,14.0299,-0.613142,4.00055,-5.56265,1.85679,16.4637,-0.198504,4.00055
-6.37004,4.10282,18.2813,-1.60422,4.00055,-5.56265,1.85679,16.4637,-0.198504,4.00055
