-5.24331,-2.2354,1.51144,2.28138,1.01768,-6.27489,-2.24536,1.7453,1.19238,1
-4.65984,-0.853761,1.53637,2.03427,1.19804,-5.24331,-2.2354,1.51144,2.28138,1.01768
-5.40958,0.444533,1.48815,0.456199,1.3428,-4.65984,-0.853761,1.53637,2.03427,1.19804
-7.59388,-2.9498,1.62692,-0.36427,1,-6.27489,-2.24536,1.7453,1.19238,1
-4.45025,1.59757,1.47427,2.6408,1.3428,-5.40958,0.444533,1.48815,0.456199,1.3428
-5.1055,2.94243,1.36472,1.93808,1.3428,-4.45025,1.59757,1.47427,2.6408,1.3428
-4.49538,4.30784,1.24896,-2.71819,1.3428,-5.1055,2.94243,1.36472,1.93808,1.3428
-8.93466,-2.28368,1.53415,0.171067,1.55515,-7.59388,-2.9498,1.62692,-0.36427,1
-7.87086,-1.42385,1.71977,-2.0172,1.57674,-8.93466,-2.28368,1.53415,0.171067,1.55515
-6.12472,-3.38197,0.943554,-2.09176,1,-6.27489,-2.24536,1.7453,1.19238,1
-5.32511,5.5495,1.10818,-0.431999,1.34822,-4.49538,4.30784,1.24896,-2.71819,1.3428
-4.88426,0.265952,1.75589,-2.88185,1.3428,-5.40958,0.444533,1.48815,0.456199,1.3428
-5.05827,5.90252,1.64465,-2.4851,1.34822,-5.32511,5.5495,1.10818,-0.431999,1.34822
-4.53364,5.14843,1.86074,1.92232,1.34822,-5.05827,5.90252,1.64465,-2.4851,1.34822
-4.37296,7.20445,1.35254,-0.140242,1.34822,-5.05827,5.90252,1.64465,-2.4851,1.34822
