0.831592,4.99139,9.08826,-0.703727,1.00945,0.186791,4.41513,10.3139,0.662684,1
0.816863,6.49033,9.03366,-2.40223,1.01034,0.831592,4.99139,9.08826,-0.703727,1.00945
0.539458,6.6244,7.56564,-1.88432,1.01034,0.816863,6.49033,9.03366,-2.40223,1.01034
0.186506,6.11014,6.20147,1.79135,1.01427,0.539458,6.6244,7.56564,-1.88432,1.01034
1.47487,3.99863,8.16598,1.07046,1.00945,0.831592,4.99139,9.08826,-0.703727,1.00945
1.47413,2.65304,7.50313,-2.72319,1.00945,1.47487,3.99863,8.16598,1.07046,1.00945
1.46754,1.21727,7.93732,-1.72105,1.0096,1.47413,2.65304,7.50313,-2.72319,1.00945
1.39432,2.20239,6.07465,2.61202,1.00945,1.47413,2.65304,7.50313,-2.72319,1.00945
1.06925,-0.193591,7.61976,1.06076,1.0096,1.46754,1.21727,7.93732,-1.72105,1.0096
-0.217448,-0.157885,6.84961,2.14332,1.0096,1.06925,-0.193591,7.61976,1.06076,1.0096
-0.277665,5.64016,4.85474,1.31804,1.01496,0.186506,6.11014,6.20147,1.79135,1.01427
1.17834,-1.06903,8.8329,-2.94742,1.0096,1.06925,-0.193591,7.61976,1.06076,1.0096
0.667647,-1.32683,10.2195,0.649669,1.0096,1.17834,-1.06903,8.8329,-2.94742,1.0096
0.109566,7.3361,10.0507,1.84145,1.01034,0.816863,6.49033,9.03366,-2.40223,1.01034
0.762863,-2.80011,9.95426,2.00549,1.0096,0.667647,-1.32683,10.2195,0.649669,1.0096
