0.679663,-2.48331,5.50482,-0.529262,1,0.27079,-1.48115,6.54333,2.91326,1
-0.166556,-2.96537,4.36397,0.400062,1,0.679663,-2.48331,5.50482,-0.529262,1
-0.433558,-4.42965,4.17801,-2.62102,1,-0.166556,-2.96537,4.36397,0.400062,1
-1.13274,-5.71239,3.83784,1.7259,1,-0.433558,-4.42965,4.17801,-2.62102,1
-2.1184,-6.09108,4.90324,0.36276,1.0023,-1.13274,-5.71239,3.83784,1.7259,1
1.12563,-1.58437,7.77158,0.697265,1,0.27079,-1.48115,6.54333,2.91326,1
1.05831,-1.47476,9.26605,-2.81209,1,1.12563,-1.58437,7.77158,0.697265,1
1.14203,-0.0537705,9.7391,2.22584,1,1.05831,-1.47476,9.26605,-2.81209,1
0.715056,1.19092,10.4591,1.24728,1,1.14203,-0.0537705,9.7391,2.22584,1
1.11808,2.37565,9.6321,-0.472022,1,0.715056,1.19092,10.4591,1.24728,1
1.14247,-1.95385,10.685,2.59091,1,1.05831,-1.47476,9.26605,-2.81209,1
1.33181,3.0161,8.29265,-1.40634,1,1.11808,2.37565,9.6321,-0.472022,1
-0.228633,-2.29423,11.1892,-1.86118,1,1.14247,-1.95385,10.685,2.59091,1
0.647308,3.89807,7.29085,-2.61446,1,1.33181,3.0161,8.29265,-1.40634,1
-0.378082,4.76698,7.95686,-0.0547114,1,0.647308,3.89807,7.29085,-2.61446,1
