-1.3074,-0.163503,4.05417,-1.58063,1.00094,-1.85196,0.898059,3.14504,0.465129,1
-0.338324,-0.777519,5.02055,2.00132,1.00094,-1.3074,-0.163503,4.05417,-1.58063,1.00094
-0.439773,-1.48208,6.34089,-1.11297,1.00094,-0.338324,-0.777519,5.02055,2.00132,1.00094
-0.497856,-1.39979,7.83751,1.5791,1.00094,-0.439773,-1.48208,6.34089,-1.11297,1.00094
0.00602735,-2.81072,7.76404,0.63485,1.00099,-0.497856,-1.39979,7.83751,1.5791,1.00094
-0.930638,-3.05373,8.91016,-1.05709,1.001,0.00602735,-2.81072,7.76404,0.63485,1.00099
0.819007,-2.33994,8.93341,-0.0100112,1.00099,0.00602735,-2.81072,7.76404,0.63485,1.00099
1.33268,-3.54326,9.66699,-1.50284,1.001,0.819007,-2.33994,8.93341,-0.0100112,1.00099
-1.86625,2.1453,3.97821,2.89319,1,-1.85196,0.898059,3.14504,0.465129,1
-0.0946637,-4.23338,7.29939,0.849287,1.00099,0.00602735,-2.81072,7.76404,0.63485,1.00099
1.26887,-0.992719,9.41572,0.215015,1.00099,0.819007,-2.33994,8.93341,-0.0100112,1.00099
0.702926,-0.300744,10.6202,2.70205,1.00099,1.26887,-0.992719,9.41572,0.215015,1.00099
0.898522,0.841372,11.2718,1.0484,1.00099,0.702926,-0.300744,10.6202,2.70205,1.00099
0.154519,-2.81008,9.92826,-0.422177,1.00099,0.819007,-2.33994,8.93341,-0.0100112,1.00099
0.1875,-2.70982,6.61112,0.400713,1.00099,0.00602735,-2.81072,7.76404,0.63485,1.00099
