-7.79416,4.67623,1.26021,1.81332,1.00893,-8.97542,4.7576,4.01666,1.77772,1
-4.87283,5.11977,1.77895,1.51451,1.04557,-7.79416,4.67623,1.26021,1.81332,1.00893
-2.12559,5.34068,2.96381,0.560401,1.04557,-4.87283,5.11977,1.77895,1.51451,1.04557
0.453123,3.93951,3.58589,1.28262,1.04579,-2.12559,5.34068,2.96381,0.560401,1.04557
0.96784,6.32512,5.33058,1.21402,1.0458,0.453123,3.93951,3.58589,1.28262,1.04579
3.89305,6.18808,4.67916,-1.66564,1.0458,0.96784,6.32512,5.33058,1.21402,1.0458
3.50601,9.16276,4.64078,-2.12707,1.0458,3.89305,6.18808,4.67916,-1.66564,1.0458
5.59526,3.72556,4.87529,-0.650356,1.0458,3.89305,6.18808,4.67916,-1.66564,1.0458
-9.25479,2.03189,5.23832,2.1619,1,-8.97542,4.7576,4.01666,1.77772,1
-9.17312,-0.789264,6.25539,-1.77322,1,-9.25479,2.03189,5.23832,2.1619,1
8.40464,3.64592,3.82599,-1.61968,1.0458,5.59526,3.72556,4.87529,-0.650356,1.0458
-11.3136,-2.73144,7.05926,-2.5892,1,-9.17312,-0.789264,6.25539,-1.77322,1
-7.57665,6.47288,6.0418,-0.46877,1,-8.97542,4.7576,4.01666,1.77772,1
10.9195,2.22116,3.02261,2.38069,1.0458,8.40464,3.64592,3.82599,-1.61968,1.0458
-6.66861,-0.755363,7.90654,0.653525,1,-9.17312,-0.789264,6.25539,-1.77322,1
