-15.7017,-0.773501,2.56828,-2.33846,2.84216,-13.9163,1.35029,1.42726,-1.59758,1
-11.0548,1.98581,2.06582,-0.395277,1,-13.9163,1.35029,1.42726,-1.59758,1
-8.81998,1.47972,4.00221,1.87084,1,-11.0548,1.98581,2.06582,-0.395277,1
-6.48867,-0.104838,5.02894,0.728668,1,-8.81998,1.47972,4.00221,1.87084,1
-16.4512,-3.55143,3.4176,-0.545565,2.84336,-15.7017,-0.773501,2.56828,-2.33846,2.84216
-3.56769,0.437953,4.61268,-0.928473,1,-6.48867,-0.104838,5.02894,0.728668,1
-1.0447,-1.1389,4.22795,2.1676,1,-3.56769,0.437953,4.61268,-0.928473,1
1.89782,-1.61722,3.89204,1.56279,1,-1.0447,-1.1389,4.22795,2.1676,1
4.40935,-0.00166589,3.60541,-2.23428,1,1.89782,-1.61722,3.89204,1.56279,1
-8.23266,-2.40112,5.85694,1.60794,1,-6.48867,-0.104838,5.02894,0.728668,1
4.51069,2.99566,3.68132,-1.20148,1,4.40935,-0.00166589,3.60541,-2.23428,1
-7.42595,-4.78548,4.22477,0.965144,1,-8.23266,-2.40112,5.85694,1.60794,1
5.23304,5.65853,4.85917,1.74705,1,4.51069,2.99566,3.68132,-1.20148,1
6.71785,-1.74031,4.41035,-2.77032,1,4.40935,-0.00166589,3.60541,-2.23428,1
9.64653,-2.03923,4.98784,2.60252,1,6.71785,-1.74031,4.41035,-2.77032,1
