3.62387,2.74498,1.72757,2.98335,46.3127,3.3225,2.49313,1.80422,0.35971,2
3.78643,3.19385,1.25319,-2.95601,74.6563,3.62387,2.74498,1.72757,2.98335,46.3127
4.23456,3.1564,1.49128,1.0256,74.7252,3.78643,3.19385,1.25319,-2.95601,74.6563
4.33347,3.68551,1.35828,2.17844,74.7252,4.23456,3.1564,1.49128,1.0256,74.7252
4.52989,3.21307,0.572176,1.01414,74.7252,4.33347,3.68551,1.35828,2.17844,74.7252
4.01903,1.16878,1.69968,0.719114,2.03023,3.3225,2.49313,1.80422,0.35971,2
5.25927,0.330905,1.79849,2.87623,2.10163,4.01903,1.16878,1.69968,0.719114,2.03023
6.68656,-0.1045,1.95107,-2.49027,2.13536,5.25927,0.330905,1.79849,2.87623,2.10163
7.88126,0.800984,1.89823,-1.23358,2.58902,6.68656,-0.1045,1.95107,-2.49027,2.13536
3.52961,-0.185516,1.27973,1.73369,2.20695,4.01903,1.16878,1.69968,0.719114,2.03023
3.35821,-1.67213,1.1768,2.39241,2.51387,3.52961,-0.185516,1.27973,1.73369,2.20695
3.44578,-0.283002,1.66283,0.418324,2.20841,3.52961,-0.185516,1.27973,1.73369,2.20695
3.70292,-3.12375,1.02194,0.372692,2.51427,3.35821,-1.67213,1.1768,2.39241,2.51387
3.93909,-4.58412,0.773848,-1.9473,2.51427,3.70292,-3.12375,1.02194,0.372692,2.51427
4.20604,-5.69882,1.74141,0.70394,2.51427,3.93909,-4.58412,0.773848,-1.9473,2.51427
4.80896,-1.52744,0.824128,2.64817,2.77715,3.35821,-1.67213,1.1768,2.39241,2.51387
3.02261,3.06606,1.33824,-2.81423,98.2374,3.78643,3.19385,1.25319,-2.95601,74.6563
2.84244,-2.9976,0.66299,-0.344779,2.51427,3.70292,-3.12375,1.02194,0.372692,2.51427
4.4675,-4.7152,1.18599,2.77766,2.5354,3.93909,-4.58412,0.773848,-1.9473,2.51427
4.24022,-6.10515,1.06406,1.5517,2.51439,4.20604,-5.69882,1.74141,0.70394,2.51427
9.08846,0.77856,1.8933,-1.90667,2.78328,7.88126,0.800984,1.89823,-1.23358,2.58902
4.38472,-2.91696,0.686277,1.407,2.51427,3.70292,-3.12375,1.02194,0.372692,2.51427
4.63494,0.67391,1.57593,0.959125,2.10163,5.25927,0.330905,1.79849,2.87623,2.10163
4.18095,0.714734,0.459631,0.391442,2.10163,4.63494,0.67391,1.57593,0.959125,2.10163
3.54802,-3.093,0.876904,-2.16905,2.51427,3.70292,-3.12375,1.02194,0.372692,2.51427
6.95679,0.770988,0.751521,-2.07384,2.74423,7.88126,0.800984,1.89823,-1.23358,2.58902
8.74392,0.806304,0.780747,-1.68577,2.86502,9.08846,0.77856,1.8933,-1.90667,2.78328
5.4787,-0.0159122,1.41873,-2.86762,2.13672,5.25927,0.330905,1.79849,2.87623,2.10163
3.49564,0.925485,0.918578,2.3111,2.12976,4.18095,0.714734,0.459631,0.391442,2.10163
4.46866,-3.98498,0.90022,2.10853,2.56829,4.4675,-4.7152,1.18599,2.77766,2.5354
