1.10282,3.45686,2.14405,1.98457,2.92991,1.29427,3.14331,1.77144,-2.11269,2
1.60258,4.54922,1.87171,0.791823,3.22265,1.10282,3.45686,2.14405,1.98457,2.92991
1.21535,4.5534,1.78376,2.1338,4.05727,1.60258,4.54922,1.87171,0.791823,3.22265
0.907588,5.12935,2.06855,0.784475,5.7019,1.21535,4.5534,1.78376,2.1338,4.05727
0.939444,6.0959,1.65885,2.98099,6.39898,0.907588,5.12935,2.06855,0.784475,5.7019
1.43235,1.65326,1.8748,1.01178,2.06046,1.29427,3.14331,1.77144,-2.11269,2
-0.567879,4.93059,1.88553,-1.03738,5.70731,0.907588,5.12935,2.06855,0.784475,5.7019
-1.99495,5.33358,2.11154,-0.994515,5.71498,-0.567879,4.93059,1.88553,-1.03738,5.70731
2.62701,2.82417,1.65051,-2.68646,2,1.29427,3.14331,1.77144,-2.11269,2
3.91317,3.55811,1.88949,1.83188,2,2.62701,2.82417,1.65051,-2.68646,2
1.37427,0.21461,1.4542,-1.37528,7.76724,1.43235,1.65326,1.8748,1.01178,2.06046
-0.626635,4.14477,2.32519,2.76041,6.23253,-0.567879,4.93059,1.88553,-1.03738,5.70731
1.42051,-1.2819,1.54538,2.67918,12.1611,1.37427,0.21461,1.4542,-1.37528,7.76724
1.51421,1.36224,0.861752,0.632505,2.06046,1.43235,1.65326,1.8748,1.01178,2.06046
-1.62655,3.35278,1.53593,-0.992036,6.24203,-0.626635,4.14477,2.32519,2.76041,6.23253
1.36809,4.13117,1.72475,0.161449,4.05727,1.21535,4.5534,1.78376,2.1338,4.05727
4.01581,2.6943,1.82298,-2.64737,2.00246,3.91317,3.55811,1.88949,1.83188,2
-2.03746,1.97441,1.11022,0.501827,6.24267,-1.62655,3.35278,1.53593,-0.992036,6.24203
-1.84619,2.93168,1.47799,-2.11747,6.24331,-1.62655,3.35278,1.53593,-0.992036,6.24203
-0.193792,5.59202,1.84839,-1.58723,5.71471,-0.567879,4.93059,1.88553,-1.03738,5.70731
2.99478,3.13317,1.25562,-2.7348,2,2.62701,2.82417,1.65051,-2.68646,2
-0.44178,4.6253,1.78366,-1.53187,5.71566,-0.567879,4.93059,1.88553,-1.03738,5.70731
0.435736,2.98927,1.70294,-1.66323,2,1.29427,3.14331,1.77144,-2.11269,2
3.93954,1.45249,0.985078,1.70464,2.00246,4.01581,2.6943,1.82298,-2.64737,2.00246
4.41902,0.756886,2.22453,1.82685,2.00246,3.93954,1.45249,0.985078,1.70464,2.00246
1.77599,5.59522,2.014,2.53999,5.99926,0.907588,5.12935,2.06855,0.784475,5.7019
4.11567,-0.484241,2.10492,-2.32268,2.02251,4.41902,0.756886,2.22453,1.82685,2.00246
1.76978,2.31252,1.82466,-3.07451,2.06046,1.43235,1.65326,1.8748,1.01178,2.06046
4.51743,-1.9217,1.9556,-0.766913,2.02251,4.11567,-0.484241,2.10492,-2.32268,2.02251
4.03075,-2.46418,0.668362,-0.833469,2.02251,4.51743,-1.9217,1.9556,-0.766913,2.02251
