-1.88839,0.965441,4.02839,-2.6812,1,-3.13619,0.16387,4.25309,2.6321,1
-3.90384,-1.11767,4.38855,2.12024,1,-3.13619,0.16387,4.25309,2.6321,1
-0.492399,1.51407,4.04278,-2.36715,1,-1.88839,0.965441,4.02839,-2.6812,1
-2.72021,-0.868707,5.20208,2.64443,1,-3.90384,-1.11767,4.38855,2.12024,1
-1.26316,2.80085,4.03142,0.312964,1,-0.492399,1.51407,4.04278,-2.36715,1
-2.47353,3.52291,4.54488,1.94883,1,-1.26316,2.80085,4.03142,0.312964,1
-0.930476,3.35433,2.67755,-2.57382,1,-1.26316,2.80085,4.03142,0.312964,1
-1.98757,4.37822,2.38733,-0.779351,1,-0.930476,3.35433,2.67755,-2.57382,1
0.546445,0.433006,4.08864,1.21213,1,-0.492399,1.51407,4.04278,-2.36715,1
1.40236,-0.631828,3.46933,-2.84618,1,0.546445,0.433006,4.08864,1.21213,1
-2.15774,4.19133,5.29054,-1.62957,1,-2.47353,3.52291,4.54488,1.94883,1
1.77425,-1.87543,4.06892,1.6149,1,1.40236,-0.631828,3.46933,-2.84618,1
1.75488,-3.32233,4.46403,0.685242,1,1.77425,-1.87543,4.06892,1.6149,1
-3.83581,-2.57037,4.02105,0.976844,1,-3.90384,-1.11767,4.38855,2.12024,1
1.03848,-3.54916,3.16583,1.22753,1,1.75488,-3.32233,4.46403,0.685242,1
-2.48284,-2.1097,4.43175,-0.512434,1,-2.72021,-0.868707,5.20208,2.64443,1
0.3146,3.83744,1.99462,2.80325,1,-0.930476,3.35433,2.67755,-2.57382,1
1.75606,3.6771,1.61189,-2.5347,1,0.3146,3.83744,1.99462,2.80325,1
2.18744,-3.59487,2.20261,-0.585682,1,1.03848,-3.54916,3.16583,1.22753,1
-1.08227,0.318071,4.97896,1.45113,1,-1.88839,0.965441,4.02839,-2.6812,1
3.15612,-3.82625,4.64457,-2.52325,1,1.75488,-3.32233,4.46403,0.685242,1
-4.22526,-3.31096,2.77612,0.522447,1,-3.83581,-2.57037,4.02105,0.976844,1
0.544413,5.16328,2.65745,-1.06044,1,0.3146,3.83744,1.99462,2.80325,1
2.10009,-4.67952,4.74591,-2.30686,1,3.15612,-3.82625,4.64457,-2.52325,1
-0.392036,3.09047,0.902512,1.99008,1.00018,0.3146,3.83744,1.99462,2.80325,1
