-0.59842,3.89887,2.35233,-2.32493,9.49268,-1.48898,4.96067,1.77833,0.49428,1
0.71801,4.48306,1.93312,0.668596,13.7288,-0.59842,3.89887,2.35233,-2.32493,9.49268
0.863191,3.44266,2.09314,-3.07373,16.5748,0.71801,4.48306,1.93312,0.668596,13.7288
0.834581,3.88257,2.2555,-0.439078,22.8068,0.863191,3.44266,2.09314,-3.07373,16.5748
0.994889,4.10951,3.15307,0.705207,24.7406,0.834581,3.88257,2.2555,-0.439078,22.8068
-1.35788,2.61438,2.19968,-3,10.3154,-0.59842,3.89887,2.35233,-2.32493,9.49268
2.24233,4.78183,3.64488,1.266,24.9909,0.994889,4.10951,3.15307,0.705207,24.7406
-0.446197,3.74399,1.74467,-2.87431,13.343,-0.59842,3.89887,2.35233,-2.32493,9.49268
-1.4553,1.19563,1.72254,-0.508984,14.4755,-1.35788,2.61438,2.19968,-3,10.3154
-0.156505,3.01822,2.3514,1.32196,12.2328,-0.59842,3.89887,2.35233,-2.32493,9.49268
-0.413111,2.55147,1.25693,-0.791593,17.8104,-0.156505,3.01822,2.3514,1.32196,12.2328
0.673497,4.07468,1.13,1.86937,13.9382,0.71801,4.48306,1.93312,0.668596,13.7288
0.200296,2.273,2.32973,-2.87465,12.5358,-0.156505,3.01822,2.3514,1.32196,12.2328
1.52614,5.13944,3.35626,-0.65406,26.1484,2.24233,4.78183,3.64488,1.266,24.9909
-2.68404,4.27382,1.18666,1.5376,3.26547,-1.48898,4.96067,1.77833,0.49428,1
