1.44992,-0.84239,4.43254,0.420806,1,1.21325,-1.20153,2.99553,-0.565741,1
1.59066,-2.1075,4.15179,2.49171,1.00123,1.44992,-0.84239,4.43254,0.420806,1
0.576053,-0.256649,2.02025,-2.32914,1,1.21325,-1.20153,2.99553,-0.565741,1
2.41888,0.294789,4.29863,-2.59543,1.00067,1.44992,-0.84239,4.43254,0.420806,1
3.2895,1.49892,4.5038,-2.60858,1.00088,2.41888,0.294789,4.29863,-2.59543,1.00067
1.61047,-3.59959,4.30431,-0.67454,1.00123,1.59066,-2.1075,4.15179,2.49171,1.00123
1.41779,1.38376,4.54754,0.0280559,1.00067,2.41888,0.294789,4.29863,-2.59543,1.00067
1.44109,2.86056,4.28576,0.401989,1.00067,1.41779,1.38376,4.54754,0.0280559,1.00067
0.023824,3.34842,4.228,-2.10255,1.00067,1.44109,2.86056,4.28576,0.401989,1.00067
-1.14895,2.97095,3.37237,-0.618504,1.00067,0.023824,3.34842,4.228,-2.10255,1.00067
0.854071,0.353185,2.3904,-0.953549,1,0.576053,-0.256649,2.02025,-2.32914,1
2.24736,4.09497,4.56175,-2.99387,1.00067,1.44109,2.86056,4.28576,0.401989,1.00067
0.801389,0.273291,3.49363,1.12391,1,0.854071,0.353185,2.3904,-0.953549,1
1.56036,4.33632,3.25035,-2.04781,1.00069,2.24736,4.09497,4.56175,-2.99387,1.00067
0.807038,-4.42001,3.33922,-2.60758,1.00123,1.61047,-3.59959,4.30431,-0.67454,1.00123
