-0.164197,3.78379,2.28887,1.32362,1,-1.36293,2.932,1.99307,0.0214721,1
0.866852,4.44499,3.15475,-2.288,1,-0.164197,3.78379,2.28887,1.32362,1
1.69417,5.60933,2.69665,-2.80844,1,0.866852,4.44499,3.15475,-2.288,1
-1.10141,4.7188,2.99413,-1.44134,1,-0.164197,3.78379,2.28887,1.32362,1
-2.30416,5.19532,3.75329,-2.48746,1,-1.10141,4.7188,2.99413,-1.44134,1
1.48397,4.98932,4.40889,-1.78044,1,0.866852,4.44499,3.15475,-2.288,1
-1.42535,1.45864,2.26746,0.99514,1,-1.36293,2.932,1.99307,0.0214721,1
1.98183,3.61273,2.59424,-3.03254,1,0.866852,4.44499,3.15475,-2.288,1
2.86737,5.27745,4.91206,-2.96464,1,1.48397,4.98932,4.40889,-1.78044,1
-3.37427,5.64518,2.80328,-0.0861525,1,-2.30416,5.19532,3.75329,-2.48746,1
-1.2802,0.0103707,1.90488,0.673286,1,-1.42535,1.45864,2.26746,0.99514,1
3.17218,5.55934,2.44563,1.51423,1,1.69417,5.60933,2.69665,-2.80844,1
3.21718,2.86491,2.18845,-0.979623,1,1.98183,3.61273,2.59424,-3.03254,1
-4.35529,5.12975,1.79239,1.75733,1,-3.37427,5.64518,2.80328,-0.0861525,1
2.95272,3.73771,0.997529,-0.172168,1,3.21718,2.86491,2.18845,-0.979623,1
-1.44104,5.55679,1.79729,2.16057,1,-1.10141,4.7188,2.99413,-1.44134,1
-1.49143,-1.47157,1.80884,-3.06848,1.00021,-1.2802,0.0103707,1.90488,0.673286,1
