-9.58621,-3.99632,18.5298,0.530231,9.9859,-7.53673,-3.94605,20.72,-1.59427,1
-7.73915,-2.86849,16.4522,2.57474,16.3658,-9.58621,-3.99632,18.5298,0.530231,9.9859
-8.47995,-4.41237,13.9889,0.115691,18.0637,-7.73915,-2.86849,16.4522,2.57474,16.3658
-5.28048,-1.96889,20.7326,3.14023,21.5208,-7.53673,-3.94605,20.72,-1.59427,1
-3.11072,0.0299914,21.2772,-2.77836,25.1119,-5.28048,-1.96889,20.7326,3.14023,21.5208
-7.57062,-0.180981,15.1297,2.85023,18.2229,-7.73915,-2.86849,16.4522,2.57474,16.3658
-0.834863,1.34703,19.8329,2.8476,27.3597,-3.11072,0.0299914,21.2772,-2.77836,25.1119
-1.44953,-2.27961,20.3253,-2.73815,25.149,-3.11072,0.0299914,21.2772,-2.77836,25.1119
1.71268,2.59073,20.8144,1.64689,28.0565,-0.834863,1.34703,19.8329,2.8476,27.3597
-10.8543,-5.4425,16.4165,1.54768,13.5009,-9.58621,-3.99632,18.5298,0.530231,9.9859
0.510388,0.810225,17.2057,-1.17563,27.5071,-0.834863,1.34703,19.8329,2.8476,27.3597
-1.82242,-4.48608,18.3271,0.0382512,25.2248,-1.44953,-2.27961,20.3253,-2.73815,25.149
1.40416,0.653159,14.3463,-2.67221,27.5423,0.510388,0.810225,17.2057,-1.17563,27.5071
3.45937,-0.588713,12.548,-1.87054,27.5423,1.40416,0.653159,14.3463,-2.67221,27.5423
0.755976,1.77259,11.6395,-1.54694,27.5454,1.40416,0.653159,14.3463,-2.67221,27.5423
